counter;datetime;PM1;PM2_5;PM4;PM10;NumPM1;NumPM2_5;NumPM4;NumPM10;PartSize;tempC;humidity;pressure;meta
0;2024-12-11T08:23:52;24;26;27;28;206;208;208;208;0.59;26.05;38;88176;SPSA0013_724A79CC0297DA3B
1;2024-12-11T08:24:54;22;23;23;23;188;189;189;189;0.54;26.08;37;88172;
0;2024-12-11T08:27:44;22;24;24;24;190;191;191;191;0.59;26.27;37;88174;SPSA0013_724A79CC0297DA3B
1;2024-12-11T08:28:46;21;22;22;22;179;179;179;179;0.58;26.38;36;88178;
2;2024-12-11T08:29:48;22;22;22;22;184;184;184;184;0.57;26.43;37;88178;
3;2024-12-11T08:30:50;21;22;22;22;182;182;182;182;0.58;26.48;37;88168;
4;2024-12-11T08:31:53;21;21;21;21;175;176;176;176;0.54;26.53;36;88178;
5;2024-12-11T08:32:55;20;21;21;21;171;172;172;172;0.55;26.57;36;88178;
6;2024-12-11T08:33:57;20;20;20;20;168;169;169;169;0.56;26.62;36;88173;
7;2024-12-11T08:34:59;19;20;20;20;164;165;165;165;0.56;26.65;36;88176;
8;2024-12-11T08:36:01;19;20;20;20;163;163;163;163;0.54;26.69;36;88179;
9;2024-12-11T08:37:03;19;19;19;19;162;162;162;162;0.54;26.72;36;88188;
10;2024-12-11T08:38:06;20;20;20;20;166;167;167;167;0.55;26.76;36;88178;
11;2024-12-11T08:39:08;20;21;21;21;174;174;174;174;0.55;26.8;36;88184;
12;2024-12-11T08:40:10;20;21;21;21;173;174;174;174;0.56;26.85;36;88187;
13;2024-12-11T08:41:12;19;20;20;20;166;166;166;166;0.56;26.87;36;88187;
14;2024-12-11T08:42:14;20;20;20;20;167;167;167;167;0.56;26.9;35;88188;
15;2024-12-11T08:43:16;20;21;21;21;173;174;174;174;0.58;26.91;35;88192;
16;2024-12-11T08:44:18;20;20;20;20;166;167;167;167;0.55;26.96;35;88191;
17;2024-12-11T08:45:21;20;20;20;20;170;170;170;170;0.55;26.97;35;88194;
18;2024-12-11T08:46:23;21;22;22;22;180;181;181;181;0.57;27.0;35;88197;
19;2024-12-11T08:47:25;20;20;21;21;169;170;170;170;0.59;27.04;36;88189;
20;2024-12-11T08:48:27;20;21;21;21;174;174;174;174;0.58;27.07;35;88191;
21;2024-12-11T08:49:29;20;21;21;21;171;171;171;171;0.58;27.09;35;88186;
22;2024-12-11T08:50:31;20;21;21;21;171;172;172;172;0.56;27.12;35;88178;
23;2024-12-11T08:51:34;19;20;20;20;166;166;166;166;0.55;27.14;35;88187;
24;2024-12-11T08:52:36;19;20;20;20;164;165;165;165;0.54;27.16;35;88185;
25;2024-12-11T08:53:38;17;18;18;18;149;149;149;149;0.56;27.19;34;88183;
26;2024-12-11T08:54:40;19;19;19;19;160;160;160;160;0.55;27.19;35;88184;
27;2024-12-11T08:55:42;18;18;18;18;153;154;154;154;0.53;27.22;34;88182;
28;2024-12-11T08:56:44;18;18;18;18;151;151;151;151;0.54;27.26;34;88179;
29;2024-12-11T08:57:47;18;18;18;18;149;149;149;149;0.56;27.27;34;88188;
30;2024-12-11T08:58:49;18;19;19;19;155;156;156;156;0.59;27.28;34;88187;
31;2024-12-11T08:59:51;19;19;19;19;159;159;159;159;0.59;27.29;34;88175;
32;2024-12-11T09:00:53;18;19;19;19;154;155;155;155;0.57;27.32;34;88182;
33;2024-12-11T09:01:55;19;19;19;19;161;162;162;162;0.55;27.34;34;88183;
34;2024-12-11T09:02:57;19;19;20;20;159;160;160;160;0.57;27.37;34;88173;
35;2024-12-11T09:04:00;18;19;19;19;157;157;157;157;0.56;27.39;34;88175;
36;2024-12-11T09:05:02;19;19;19;19;157;158;158;158;0.58;27.4;33;88180;
37;2024-12-11T09:06:04;19;19;20;20;158;159;159;159;0.59;27.4;33;88177;
38;2024-12-11T09:07:06;19;20;20;20;158;159;159;159;0.58;27.4;33;88180;
39;2024-12-11T09:08:08;18;19;19;19;155;155;155;155;0.57;27.41;33;88178;
40;2024-12-11T09:09:10;17;18;19;19;147;147;148;148;0.6;27.4;33;88185;
41;2024-12-11T09:10:13;18;19;19;20;157;157;157;157;0.58;27.43;34;88184;
42;2024-12-11T09:11:15;18;19;19;19;151;152;152;152;0.58;27.5;32;88188;
43;2024-12-11T09:12:17;17;18;19;19;147;148;148;148;0.59;27.52;32;88180;
44;2024-12-11T09:13:19;16;17;18;18;137;138;138;138;0.59;27.47;32;88181;
45;2024-12-11T09:14:21;17;18;18;18;144;145;145;145;0.6;27.54;32;88186;
46;2024-12-11T09:15:23;17;17;17;18;141;142;142;142;0.58;27.58;32;88183;
47;2024-12-11T09:16:26;16;17;17;17;136;137;137;137;0.57;27.56;32;88183;
48;2024-12-11T09:17:28;15;15;16;16;128;129;129;129;0.57;27.58;32;88181;
49;2024-12-11T09:18:30;15;15;15;15;126;127;127;127;0.57;27.6;32;88184;
50;2024-12-11T09:19:32;15;16;16;16;130;130;130;130;0.54;27.65;32;88177;
51;2024-12-11T09:20:34;15;16;16;16;131;131;131;131;0.57;27.72;33;88180;
52;2024-12-11T09:21:36;15;15;15;15;129;129;129;129;0.53;27.74;32;88178;
53;2024-12-11T09:22:39;15;15;15;15;128;128;128;128;0.55;27.77;31;88182;
54;2024-12-11T09:23:41;14;15;15;15;122;122;122;122;0.53;27.74;31;88181;
55;2024-12-11T09:24:43;14;15;15;15;123;124;124;124;0.52;27.72;32;88183;
56;2024-12-11T09:25:45;15;15;15;15;124;124;124;124;0.54;27.51;32;88178;
57;2024-12-11T09:26:47;15;15;15;15;124;125;125;125;0.57;27.4;33;88182;
58;2024-12-11T09:27:49;15;15;15;15;127;127;127;127;0.56;27.32;32;88184;
59;2024-12-11T09:28:52;15;16;16;16;129;129;129;129;0.59;27.35;33;88183;
60;2024-12-11T09:29:54;16;16;16;16;133;134;134;134;0.59;27.43;32;88185;
61;2024-12-11T09:30:56;14;14;14;14;121;121;121;121;0.56;27.48;33;88185;
62;2024-12-11T09:31:58;14;14;14;14;119;120;120;120;0.55;27.38;33;88188;
63;2024-12-11T09:33:00;15;15;15;15;126;126;126;126;0.57;27.37;33;88181;
64;2024-12-11T09:34:02;14;14;14;14;119;119;119;119;0.54;27.37;33;88181;
65;2024-12-11T09:35:05;14;14;14;14;119;119;119;119;0.56;27.41;33;88182;
66;2024-12-11T09:36:07;14;14;14;14;120;120;120;120;0.55;27.42;32;88188;
67;2024-12-11T09:37:09;14;14;14;14;116;116;116;116;0.56;27.46;32;88191;
68;2024-12-11T09:38:11;14;14;14;14;118;118;118;118;0.56;27.51;32;88184;
69;2024-12-11T09:39:13;14;14;14;14;118;118;118;118;0.56;27.55;32;88190;
70;2024-12-11T09:40:15;13;14;14;14;114;114;114;114;0.55;27.54;32;88183;
71;2024-12-11T09:41:18;13;14;14;14;115;115;115;115;0.55;27.56;32;88188;
72;2024-12-11T09:42:20;13;14;14;14;114;114;114;114;0.53;27.58;32;88194;
73;2024-12-11T09:43:22;13;13;13;13;109;110;110;110;0.53;27.61;31;88190;
74;2024-12-11T09:44:24;13;13;13;13;111;111;111;111;0.54;27.64;32;88186;
75;2024-12-11T09:45:26;12;13;13;13;105;105;105;105;0.55;27.65;32;88190;
76;2024-12-11T09:46:28;13;13;13;13;112;112;112;112;0.56;27.67;32;88193;
77;2024-12-11T09:47:31;13;14;14;14;113;113;113;113;0.53;27.63;31;88188;
78;2024-12-11T09:48:33;13;13;13;13;111;111;111;111;0.54;27.57;32;88190;
79;2024-12-11T09:49:35;12;13;13;13;105;105;105;105;0.56;27.6;31;88194;
80;2024-12-11T09:50:37;13;13;13;13;109;109;109;109;0.55;27.64;31;88191;
81;2024-12-11T09:51:39;13;13;13;13;107;107;107;107;0.56;27.62;31;88189;
82;2024-12-11T09:52:41;13;13;13;13;110;111;111;111;0.57;27.65;31;88188;
83;2024-12-11T09:53:44;12;12;12;12;103;103;103;103;0.57;27.61;31;88188;
84;2024-12-11T09:54:46;11;12;12;12;97;98;98;98;0.56;27.73;31;88182;
85;2024-12-11T09:55:48;48;50;51;51;410;412;412;412;0.57;27.64;32;88170;
86;2024-12-11T09:56:50;72;82;89;91;600;610;611;611;0.67;27.59;32;88179;
87;2024-12-11T09:57:52;64;72;78;80;530;539;540;540;0.66;27.5;32;88182;
88;2024-12-11T09:58:54;58;65;71;72;479;486;487;488;0.65;27.5;32;88188;
89;2024-12-11T09:59:57;50;56;60;61;414;420;421;421;0.65;27.59;32;88179;
90;2024-12-11T10:00:59;46;51;54;55;382;387;388;388;0.63;27.63;32;88179;
91;2024-12-11T10:02:01;40;44;47;48;331;335;335;336;0.65;27.61;32;88179;
92;2024-12-11T10:03:03;39;44;47;48;328;332;333;333;0.63;27.57;32;88171;
93;2024-12-11T10:04:05;83;96;105;109;687;700;702;702;0.68;27.63;32;88179;
94;2024-12-11T10:05:07;132;160;180;187;1078;1106;1110;1110;0.69;27.63;32;88174;
95;2024-12-11T10:06:10;118;140;157;162;970;993;996;996;0.69;27.65;32;88168;
96;2024-12-11T10:07:12;105;122;134;138;868;885;887;887;0.67;27.7;32;88166;
97;2024-12-11T10:08:14;94;108;118;122;778;792;794;794;0.66;27.71;31;88160;
98;2024-12-11T10:09:16;83;95;103;106;690;702;704;704;0.65;27.73;31;88168;
99;2024-12-11T10:10:18;76;89;99;102;630;644;645;645;0.65;27.68;31;88159;
100;2024-12-11T10:11:20;71;83;91;94;589;601;602;602;0.69;27.77;31;88160;
101;2024-12-11T10:12:23;68;79;87;90;558;570;571;571;0.65;27.75;32;88157;
102;2024-12-11T10:13:25;62;71;77;79;519;528;529;529;0.66;27.73;32;88155;
103;2024-12-11T10:14:27;59;71;80;83;485;497;499;499;0.69;27.67;31;88153;
104;2024-12-11T10:15:29;54;63;68;70;450;459;460;460;0.64;27.63;31;88152;
105;2024-12-11T10:16:31;52;59;65;66;432;439;440;440;0.65;27.61;31;88160;
106;2024-12-11T10:17:33;46;51;54;55;382;387;387;388;0.64;27.65;31;88144;
107;2024-12-11T10:18:36;42;46;49;50;349;353;354;354;0.64;27.72;31;88145;
108;2024-12-11T10:19:38;42;48;52;53;352;357;358;358;0.65;27.76;31;88151;
109;2024-12-11T10:20:40;39;43;46;48;324;328;329;329;0.67;27.83;30;88148;
110;2024-12-11T10:21:42;34;38;41;42;279;284;284;284;0.68;27.84;30;88146;
111;2024-12-11T10:22:44;32;36;40;41;265;269;270;270;0.66;27.87;30;88147;
112;2024-12-11T10:23:46;31;35;37;38;263;266;267;267;0.63;27.87;30;88144;
113;2024-12-11T10:24:49;32;35;37;38;270;273;274;274;0.64;27.91;30;88137;
114;2024-12-11T10:25:51;28;32;34;35;236;240;240;240;0.64;27.87;28;88142;
115;2024-12-11T10:26:53;26;29;31;32;218;221;221;222;0.61;27.89;28;88145;
116;2024-12-11T10:27:55;25;28;29;30;212;214;214;214;0.61;27.85;29;88142;
117;2024-12-11T10:28:57;23;24;25;25;191;192;192;192;0.59;27.91;29;88134;
118;2024-12-11T10:29:59;21;23;24;24;180;181;181;181;0.59;27.96;28;88138;
119;2024-12-11T10:31:02;20;21;22;22;167;168;169;169;0.59;27.98;28;88133;
120;2024-12-11T10:32:04;20;22;23;24;168;170;170;170;0.62;28.03;28;88132;
121;2024-12-11T10:33:06;20;21;22;23;164;166;166;166;0.63;28.02;27;88141;
122;2024-12-11T10:34:08;18;20;21;21;148;150;150;150;0.64;28.06;27;88136;
123;2024-12-11T10:35:10;15;17;17;18;130;131;131;131;0.62;28.05;27;88131;
124;2024-12-11T10:36:12;15;16;16;17;126;127;127;127;0.61;28.07;27;88134;
125;2024-12-11T10:37:15;15;16;16;16;124;124;125;125;0.6;28.17;27;88135;
126;2024-12-11T10:38:17;14;15;16;16;121;122;122;122;0.62;28.19;26;88131;
127;2024-12-11T10:39:19;14;15;15;15;119;120;120;120;0.58;28.2;26;88127;
128;2024-12-11T10:40:21;14;14;15;15;117;118;118;118;0.58;28.26;26;88141;
129;2024-12-11T10:41:23;14;15;16;16;119;120;120;120;0.61;28.19;26;88138;
130;2024-12-11T10:42:25;12;13;13;14;105;106;106;106;0.6;28.19;27;88134;
131;2024-12-11T10:43:28;12;13;13;13;103;103;103;103;0.59;28.26;26;88136;
132;2024-12-11T10:44:30;11;12;12;12;92;93;93;93;0.63;28.27;26;88127;
133;2024-12-11T10:45:32;12;12;13;13;100;100;101;101;0.61;28.31;26;88130;
134;2024-12-11T10:46:34;11;12;12;13;94;95;95;95;0.65;28.36;26;88125;
135;2024-12-11T10:47:36;11;12;12;12;93;94;94;94;0.62;28.33;26;88124;
136;2024-12-11T10:48:38;10;10;11;11;84;84;84;84;0.6;28.32;26;88125;
137;2024-12-11T10:49:41;10;11;11;11;88;88;88;88;0.58;28.32;26;88123;
138;2024-12-11T10:50:43;10;10;10;10;86;86;86;86;0.55;28.3;26;88117;
139;2024-12-11T10:51:45;10;10;10;10;81;82;82;82;0.57;28.29;26;88119;
140;2024-12-11T10:52:47;9;10;10;10;79;80;80;80;0.6;28.3;26;88123;
141;2024-12-11T10:53:49;9;10;10;10;77;78;78;78;0.61;28.34;25;88117;
142;2024-12-11T10:54:51;9;10;10;10;79;79;79;79;0.61;28.33;25;88116;
143;2024-12-11T10:55:54;9;9;10;10;75;75;75;75;0.61;28.37;25;88119;
144;2024-12-11T10:56:56;9;9;9;9;74;74;74;74;0.6;28.41;25;88119;
145;2024-12-11T10:57:58;9;9;9;9;73;73;73;73;0.59;28.35;25;88111;
146;2024-12-11T10:59:00;9;9;9;9;73;74;74;74;0.59;28.47;25;88111;
147;2024-12-11T11:00:02;8;8;8;8;67;68;68;68;0.58;28.49;25;88109;
148;2024-12-11T11:01:04;8;8;9;9;69;70;70;70;0.58;28.51;25;88101;
149;2024-12-11T11:02:07;8;8;8;8;68;68;69;69;0.59;28.49;25;88103;
150;2024-12-11T11:03:09;8;9;9;9;70;70;70;70;0.61;28.46;26;88102;
151;2024-12-11T11:04:11;8;8;8;8;68;69;69;69;0.58;28.5;25;88110;
152;2024-12-11T11:05:13;7;8;8;8;63;64;64;64;0.55;28.52;25;88099;
153;2024-12-11T11:06:15;8;9;9;9;72;72;72;72;0.52;28.54;25;88104;
154;2024-12-11T11:07:17;7;8;8;8;64;64;64;64;0.55;28.61;25;88106;
155;2024-12-11T11:08:19;8;8;8;8;68;69;69;69;0.58;28.65;25;88101;
156;2024-12-11T11:09:22;7;7;7;7;61;62;62;62;0.55;28.67;24;88093;
157;2024-12-11T11:10:24;7;7;7;7;62;62;62;62;0.55;28.68;25;88103;
158;2024-12-11T11:11:26;7;7;7;7;61;62;62;62;0.57;28.63;25;88089;
159;2024-12-11T11:12:28;7;8;8;8;63;64;64;64;0.57;28.69;25;88090;
160;2024-12-11T11:13:30;7;7;7;7;58;58;58;58;0.59;28.7;25;88094;
161;2024-12-11T11:14:32;7;7;7;7;58;58;58;58;0.61;28.71;25;88090;
162;2024-12-11T11:15:35;7;7;7;7;57;58;58;58;0.58;28.68;25;88089;
163;2024-12-11T11:16:37;7;7;7;7;57;57;57;57;0.55;28.65;25;88087;
164;2024-12-11T11:17:39;7;7;7;7;60;60;60;60;0.55;28.68;25;88086;
165;2024-12-11T11:18:41;7;7;7;7;58;58;58;58;0.57;28.66;25;88088;
166;2024-12-11T11:19:43;7;7;7;7;56;56;56;56;0.56;28.63;25;88084;
167;2024-12-11T11:20:45;7;7;7;7;57;57;57;57;0.57;28.72;25;88086;
168;2024-12-11T11:21:48;6;6;6;6;53;54;54;54;0.55;28.7;25;88077;
169;2024-12-11T11:22:50;7;7;7;7;58;58;58;58;0.57;28.71;25;88079;
170;2024-12-11T11:23:52;7;7;7;7;59;59;59;59;0.58;28.73;25;88082;
171;2024-12-11T11:24:54;7;7;7;7;59;59;59;59;0.56;28.74;25;88078;
172;2024-12-11T11:25:56;7;7;7;7;57;57;57;57;0.55;28.75;25;88079;
173;2024-12-11T11:26:58;6;6;6;6;54;54;54;54;0.56;28.76;25;88078;
174;2024-12-11T11:28:00;7;7;7;7;56;56;56;56;0.52;28.83;25;88074;
175;2024-12-11T11:29:03;7;7;7;7;59;59;59;59;0.53;28.89;25;88077;
176;2024-12-11T11:30:05;6;7;7;7;55;55;55;55;0.54;28.95;24;88072;
177;2024-12-11T11:31:07;6;7;7;7;55;55;55;55;0.53;29.0;24;88065;
178;2024-12-11T11:32:09;6;6;6;6;54;54;54;54;0.54;28.97;25;88075;
179;2024-12-11T11:33:11;7;7;7;7;57;57;57;57;0.57;28.98;24;88067;
180;2024-12-11T11:34:13;6;6;6;6;53;53;53;53;0.56;28.92;24;88070;
181;2024-12-11T11:35:16;7;7;7;7;56;56;56;56;0.54;28.92;25;88057;
182;2024-12-11T11:36:18;6;6;6;6;53;53;53;53;0.53;28.98;25;88056;
183;2024-12-11T11:37:20;6;7;7;7;55;55;55;55;0.53;29.03;25;88052;
184;2024-12-11T11:38:22;6;6;6;6;54;54;54;54;0.52;29.06;25;88052;
185;2024-12-11T11:39:24;7;7;7;7;57;57;57;57;0.55;29.0;25;88053;
186;2024-12-11T11:40:26;6;6;6;6;52;52;52;52;0.55;29.0;25;88048;
187;2024-12-11T11:41:29;7;7;7;7;56;56;56;56;0.54;29.01;25;88050;
188;2024-12-11T11:42:31;6;7;7;7;55;55;55;55;0.55;29.05;25;88033;
189;2024-12-11T11:43:33;6;6;6;6;54;54;54;54;0.54;29.03;25;88033;
190;2024-12-11T11:44:35;6;6;6;6;52;52;52;52;0.58;29.02;25;88035;
191;2024-12-11T11:45:37;7;7;7;7;57;57;57;57;0.59;28.96;24;88046;
192;2024-12-11T11:46:39;7;7;7;7;56;56;56;56;0.58;29.04;24;88038;
193;2024-12-11T11:47:42;6;7;7;7;55;55;55;55;0.59;29.01;25;88031;
194;2024-12-11T11:48:44;6;6;6;6;53;53;53;53;0.56;29.06;25;88032;
195;2024-12-11T11:49:46;7;7;7;7;56;57;57;57;0.56;29.03;24;88033;
196;2024-12-11T11:50:48;6;7;7;7;54;54;54;54;0.58;29.05;24;88022;
197;2024-12-11T11:51:50;6;6;6;6;53;53;53;53;0.56;29.12;25;88027;
198;2024-12-11T11:52:52;6;6;6;6;51;51;51;51;0.55;29.2;24;88016;
199;2024-12-11T11:53:54;6;7;7;7;55;55;55;55;0.55;29.23;24;88010;
200;2024-12-11T11:54:57;7;7;7;7;56;56;56;56;0.53;29.27;24;88012;
201;2024-12-11T11:55:59;6;6;6;6;50;50;50;50;0.54;29.32;24;88011;
202;2024-12-11T11:57:01;6;6;6;6;53;53;53;53;0.53;29.34;24;88020;
203;2024-12-11T11:58:03;7;7;7;7;56;56;56;56;0.54;29.32;24;88011;
204;2024-12-11T11:59:05;6;6;6;6;53;53;53;53;0.55;29.36;24;88009;
205;2024-12-11T12:00:07;6;6;6;6;52;52;52;52;0.53;29.35;24;88002;
206;2024-12-11T12:01:10;6;6;6;6;50;51;51;51;0.53;29.39;23;88010;
207;2024-12-11T12:02:12;6;6;6;6;51;51;51;51;0.54;29.39;23;88004;
208;2024-12-11T12:03:14;6;7;7;7;54;54;54;54;0.53;29.38;23;87998;
209;2024-12-11T12:04:16;7;7;7;7;59;59;59;59;0.52;29.45;23;88005;
210;2024-12-11T12:05:18;6;6;6;6;51;51;51;51;0.51;29.41;23;88008;
211;2024-12-11T12:06:20;6;6;6;6;53;53;53;53;0.52;29.45;23;87996;
212;2024-12-11T12:07:23;6;6;6;6;48;49;49;49;0.54;29.52;23;87993;
213;2024-12-11T12:08:25;7;7;7;7;60;60;60;60;0.54;29.49;23;87985;
214;2024-12-11T12:09:27;6;6;6;6;52;52;52;52;0.52;29.6;23;87990;
215;2024-12-11T12:10:29;6;6;6;6;50;50;50;50;0.53;29.59;23;87992;
216;2024-12-11T12:11:31;6;6;6;6;50;50;50;50;0.53;29.62;23;87987;
217;2024-12-11T12:12:33;6;6;6;6;52;52;52;52;0.53;29.61;23;87989;
218;2024-12-11T12:13:35;6;6;6;6;52;52;52;52;0.53;29.63;23;87983;
219;2024-12-11T12:14:38;6;6;6;6;51;52;52;52;0.54;29.58;23;87981;
220;2024-12-11T12:15:40;6;6;6;6;51;52;52;52;0.56;29.62;23;87976;
221;2024-12-11T12:16:42;6;6;6;6;53;53;53;53;0.55;29.65;23;87969;
222;2024-12-11T12:17:44;6;6;6;6;52;52;52;52;0.55;29.71;23;87973;
223;2024-12-11T12:18:46;6;7;7;7;54;54;54;54;0.56;29.73;23;87969;
224;2024-12-11T12:19:48;6;7;7;7;55;55;55;55;0.52;29.74;23;87974;
225;2024-12-11T12:20:51;7;7;7;7;58;58;58;58;0.5;29.68;23;87971;
226;2024-12-11T12:21:53;7;8;8;8;64;64;64;64;0.5;29.73;22;87962;
227;2024-12-11T12:22:55;7;7;7;7;62;62;62;62;0.51;29.78;22;87960;
228;2024-12-11T12:23:57;7;7;7;7;58;58;58;58;0.53;29.74;23;87955;
229;2024-12-11T12:24:59;7;7;7;7;57;57;57;57;0.55;29.78;22;87958;
230;2024-12-11T12:26:01;7;7;7;7;56;56;56;56;0.54;29.78;22;87950;
231;2024-12-11T12:27:04;6;7;7;7;55;55;55;55;0.54;29.78;22;87944;
232;2024-12-11T12:28:06;7;7;7;7;57;57;57;57;0.54;29.72;22;87947;
233;2024-12-11T12:29:08;7;7;7;7;58;58;58;58;0.54;29.77;22;87948;
234;2024-12-11T12:30:10;7;7;7;7;60;61;61;61;0.54;29.79;22;87946;
235;2024-12-11T12:31:12;7;7;7;7;57;57;57;57;0.53;29.82;22;87947;
236;2024-12-11T12:32:14;6;6;6;6;53;53;53;53;0.53;29.78;22;87944;
237;2024-12-11T12:33:16;6;6;6;6;53;53;53;53;0.52;29.71;22;87943;
238;2024-12-11T12:34:19;6;6;6;6;54;54;54;54;0.53;29.73;22;87940;
239;2024-12-11T12:35:21;7;7;7;7;59;59;59;59;0.53;29.82;22;87938;
240;2024-12-11T12:36:23;6;6;6;6;54;54;54;54;0.54;29.86;22;87933;
241;2024-12-11T12:37:25;7;7;7;7;59;59;59;59;0.56;29.88;22;87930;
242;2024-12-11T12:38:27;7;7;7;7;56;56;56;56;0.53;29.95;22;87929;
243;2024-12-11T12:39:29;7;7;7;7;57;57;57;57;0.54;29.91;22;87929;
244;2024-12-11T12:40:32;6;6;6;6;52;52;52;52;0.54;29.87;22;87928;
245;2024-12-11T12:41:34;6;6;6;6;54;54;54;54;0.55;29.97;23;87932;
246;2024-12-11T12:42:36;7;7;7;7;55;56;56;56;0.56;29.95;21;87932;
247;2024-12-11T12:43:38;6;6;6;6;52;52;52;52;0.54;29.92;22;87919;
248;2024-12-11T12:44:40;6;6;6;6;52;52;52;52;0.53;29.92;22;87924;
249;2024-12-11T12:45:42;6;6;6;6;54;54;54;54;0.54;29.96;22;87925;
250;2024-12-11T12:46:45;6;6;6;6;53;53;53;53;0.55;29.97;22;87921;
251;2024-12-11T12:47:47;6;6;6;6;53;53;53;53;0.53;29.92;22;87919;
252;2024-12-11T12:48:49;6;6;6;6;52;52;52;52;0.51;30.0;22;87915;
253;2024-12-11T12:49:51;6;6;6;6;54;54;54;54;0.52;30.06;22;87917;
254;2024-12-11T12:50:53;7;7;7;7;56;57;57;57;0.53;30.07;22;87918;
255;2024-12-11T12:51:55;6;7;7;7;55;55;55;55;0.53;30.08;22;87909;
256;2024-12-11T12:52:58;6;6;6;6;53;53;53;53;0.57;30.05;22;87914;
257;2024-12-11T12:54:00;7;7;7;7;59;59;59;59;0.56;30.05;23;87910;
258;2024-12-11T12:55:02;7;7;7;7;57;57;57;57;0.6;30.11;22;87907;
259;2024-12-11T12:56:04;6;6;6;6;49;50;50;50;0.58;30.08;22;87903;
260;2024-12-11T12:57:06;6;6;6;6;52;52;52;52;0.57;30.06;22;87901;
261;2024-12-11T12:58:08;6;7;7;7;55;55;55;55;0.56;30.07;22;87899;
262;2024-12-11T12:59:11;7;7;7;7;56;56;56;56;0.52;30.13;22;87905;
263;2024-12-11T13:00:13;7;7;7;7;57;57;57;57;0.51;30.1;22;87895;
264;2024-12-11T13:01:15;7;7;7;7;57;57;57;57;0.53;30.13;22;87899;
265;2024-12-11T13:02:17;7;8;8;8;63;63;63;63;0.53;30.07;22;87902;
266;2024-12-11T13:03:19;6;7;7;7;55;55;55;55;0.53;30.07;22;87897;
267;2024-12-11T13:04:21;6;6;6;6;52;53;53;53;0.54;30.03;22;87896;
268;2024-12-11T13:05:23;6;6;6;6;50;50;50;50;0.55;30.14;22;87893;
269;2024-12-11T13:06:26;6;6;6;6;53;53;53;53;0.55;30.11;22;87891;
270;2024-12-11T13:07:28;7;7;7;7;56;56;56;56;0.52;30.15;22;87892;
271;2024-12-11T13:08:30;6;6;6;6;53;53;53;53;0.52;30.2;22;87890;
272;2024-12-11T13:09:32;6;6;6;6;53;54;54;54;0.53;30.23;22;87886;
273;2024-12-11T13:10:34;6;6;6;6;54;54;54;54;0.53;30.25;22;87894;
274;2024-12-11T13:11:36;6;7;7;7;55;55;55;55;0.52;30.38;22;87880;
275;2024-12-11T13:12:39;6;6;6;6;52;52;52;52;0.52;30.43;22;87881;
276;2024-12-11T13:13:41;6;7;7;7;55;55;55;55;0.51;30.49;22;87873;
277;2024-12-11T13:14:43;6;7;7;7;54;55;55;55;0.51;30.49;22;87873;
278;2024-12-11T13:15:45;6;6;6;6;53;53;53;53;0.54;30.54;22;87880;
279;2024-12-11T13:16:47;6;6;6;6;52;52;52;52;0.55;30.56;22;87869;
280;2024-12-11T13:17:49;6;6;6;6;52;53;53;53;0.56;30.58;22;87868;
281;2024-12-11T13:18:52;7;7;7;7;56;57;57;57;0.58;30.6;22;87872;
282;2024-12-11T13:19:54;7;7;7;7;58;58;58;58;0.56;30.62;21;87864;
283;2024-12-11T13:20:56;6;6;6;6;53;54;54;54;0.54;30.65;22;87868;
284;2024-12-11T13:21:58;7;7;7;7;56;56;56;56;0.52;30.66;22;87861;
285;2024-12-11T13:23:00;6;6;6;6;51;52;52;52;0.51;30.68;22;87861;
286;2024-12-11T13:24:02;6;6;6;6;52;52;52;52;0.53;30.68;22;87856;
287;2024-12-11T13:25:05;6;6;6;6;51;52;52;52;0.54;30.71;21;87854;
288;2024-12-11T13:26:07;6;6;6;6;53;53;53;53;0.56;30.72;22;87859;
289;2024-12-11T13:27:09;6;6;6;6;53;53;53;53;0.55;30.72;22;87853;
290;2024-12-11T13:28:11;6;6;6;6;52;52;52;52;0.55;30.76;22;87852;
291;2024-12-11T13:29:13;6;6;6;6;51;51;51;51;0.56;30.76;22;87850;
292;2024-12-11T13:30:15;6;6;6;6;49;49;49;49;0.55;30.77;22;87849;
293;2024-12-11T13:31:17;6;6;6;6;50;50;50;50;0.56;30.79;22;87851;
294;2024-12-11T13:32:20;6;6;6;6;50;50;50;50;0.58;30.79;22;87843;
295;2024-12-11T13:33:22;6;7;7;7;55;55;55;55;0.58;30.81;22;87846;
296;2024-12-11T13:34:24;6;6;6;6;51;51;51;51;0.53;30.83;22;87843;
297;2024-12-11T13:35:26;6;6;6;6;49;49;49;49;0.53;30.84;22;87836;
298;2024-12-11T13:36:28;6;6;6;6;53;53;53;53;0.53;30.83;23;87838;
299;2024-12-11T13:37:30;6;6;6;6;51;51;51;51;0.51;30.82;22;87840;
300;2024-12-11T13:38:33;6;6;6;6;51;51;51;51;0.52;30.85;22;87835;
301;2024-12-11T13:39:35;6;7;7;7;55;55;55;55;0.52;30.89;22;87841;
302;2024-12-11T13:40:37;6;6;6;6;52;52;52;52;0.52;30.88;22;87829;
303;2024-12-11T13:41:39;6;6;6;6;49;49;49;49;0.54;30.91;23;87827;
304;2024-12-11T13:42:41;6;6;6;6;49;49;49;49;0.56;30.92;23;87824;
305;2024-12-11T13:43:43;6;6;6;6;51;51;51;51;0.56;30.93;22;87825;
306;2024-12-11T13:44:46;6;6;6;6;52;52;52;52;0.59;30.96;23;87828;
307;2024-12-11T13:45:48;6;7;7;7;54;54;54;54;0.58;30.96;22;87822;
308;2024-12-11T13:46:50;6;6;7;7;54;54;54;54;0.57;30.97;22;87819;
309;2024-12-11T13:47:52;7;7;7;7;56;56;56;56;0.57;30.98;22;87823;
310;2024-12-11T13:48:54;6;6;6;6;48;48;48;48;0.54;30.99;22;87821;
311;2024-12-11T13:49:56;6;7;7;7;55;55;55;55;0.54;31.0;22;87820;
312;2024-12-11T13:50:59;6;6;6;6;49;49;49;49;0.57;31.02;22;87820;
313;2024-12-11T13:52:01;6;6;6;6;48;49;49;49;0.54;31.02;22;87815;
314;2024-12-11T13:53:03;6;6;6;6;51;52;52;52;0.55;31.05;22;87811;
315;2024-12-11T13:54:05;6;6;6;6;50;50;50;50;0.55;31.04;22;87818;
316;2024-12-11T13:55:07;6;6;6;6;48;48;48;48;0.55;31.05;22;87808;
317;2024-12-11T13:56:09;6;6;6;6;54;54;54;54;0.55;31.08;22;87801;
318;2024-12-11T13:57:12;6;6;6;6;48;48;48;48;0.55;31.08;22;87807;
319;2024-12-11T13:58:14;6;6;6;6;48;48;48;48;0.54;31.09;22;87809;
320;2024-12-11T13:59:16;6;6;6;6;52;53;53;53;0.55;31.11;22;87800;
321;2024-12-11T14:00:18;6;6;6;6;51;51;51;51;0.53;31.12;23;87801;
322;2024-12-11T14:01:20;6;6;6;6;49;49;49;49;0.52;31.15;22;87806;
323;2024-12-11T14:02:22;6;6;6;6;50;50;50;50;0.53;31.15;22;87790;
324;2024-12-11T14:03:24;6;6;6;6;48;48;48;48;0.53;31.16;21;87790;
325;2024-12-11T14:04:27;6;6;6;6;52;52;52;52;0.53;31.18;22;87793;
326;2024-12-11T14:05:29;6;6;6;6;48;48;48;48;0.55;31.16;22;87791;
327;2024-12-11T14:06:31;6;6;6;6;54;54;54;54;0.53;31.02;22;87796;
328;2024-12-11T14:07:33;5;6;6;6;46;47;47;47;0.55;31.05;22;87792;
329;2024-12-11T14:08:35;6;6;6;6;49;49;49;49;0.57;31.07;22;87780;
330;2024-12-11T14:09:37;6;6;6;6;52;52;52;52;0.56;31.05;22;87781;
331;2024-12-11T14:10:40;6;6;6;6;49;49;49;49;0.54;31.03;22;87778;
332;2024-12-11T14:11:42;6;6;6;6;48;48;48;48;0.56;30.92;23;87780;
333;2024-12-11T14:12:44;6;6;6;6;51;51;51;51;0.53;30.95;23;87772;
334;2024-12-11T14:13:46;6;6;6;6;48;48;48;48;0.53;30.92;22;87776;
335;2024-12-11T14:14:48;6;6;6;6;54;54;54;54;0.55;30.94;22;87776;
336;2024-12-11T14:15:50;6;6;6;6;51;51;51;51;0.54;30.96;22;87771;
337;2024-12-11T14:16:53;6;6;6;6;52;52;52;52;0.54;30.99;22;87767;
338;2024-12-11T14:17:55;6;6;6;6;50;50;50;50;0.56;30.95;22;87772;
339;2024-12-11T14:18:57;6;6;6;6;49;49;49;49;0.56;30.95;22;87761;
340;2024-12-11T14:19:59;5;5;5;5;46;46;46;46;0.56;31.01;22;87767;
341;2024-12-11T14:21:01;6;6;6;6;49;49;49;49;0.56;31.05;22;87764;
342;2024-12-11T14:22:03;6;6;6;6;51;51;51;51;0.55;31.05;22;87761;
343;2024-12-11T14:23:06;6;6;6;6;50;50;50;50;0.53;30.99;22;87755;
344;2024-12-11T14:24:08;6;6;6;6;49;50;50;50;0.55;31.06;22;87760;
345;2024-12-11T14:25:10;6;6;6;6;49;49;49;49;0.56;31.02;22;87754;
346;2024-12-11T14:26:12;6;6;6;6;54;54;54;54;0.55;31.05;22;87751;
347;2024-12-11T14:27:14;7;7;7;7;59;59;59;59;0.54;31.03;22;87751;
348;2024-12-11T14:28:16;6;6;6;6;51;51;51;51;0.55;31.01;21;87745;
349;2024-12-11T14:29:19;5;5;5;5;44;44;44;44;0.54;31.06;23;87743;
350;2024-12-11T14:30:21;6;6;6;6;51;51;51;51;0.54;31.04;22;87741;
351;2024-12-11T14:31:23;6;6;6;6;51;51;51;51;0.56;30.99;22;87742;
352;2024-12-11T14:32:25;6;6;6;6;51;51;51;51;0.56;31.01;22;87737;
353;2024-12-11T14:33:27;6;6;6;6;47;47;47;47;0.57;31.06;21;87741;
354;2024-12-11T14:34:29;6;6;6;6;52;52;52;52;0.56;31.09;21;87737;
355;2024-12-11T14:35:31;6;6;6;6;50;50;50;50;0.57;31.12;22;87742;
356;2024-12-11T14:36:34;6;6;6;6;54;54;54;54;0.55;31.08;22;87741;
357;2024-12-11T14:37:36;6;6;6;6;49;49;49;49;0.54;31.12;22;87739;
358;2024-12-11T14:38:38;6;6;6;6;51;51;51;51;0.55;31.04;22;87736;
359;2024-12-11T14:39:40;6;6;6;6;47;47;47;47;0.55;31.08;22;87741;
360;2024-12-11T14:40:42;6;6;6;6;52;52;52;52;0.53;31.11;22;87729;
361;2024-12-11T14:41:44;6;6;6;6;51;51;51;51;0.56;31.12;22;87736;
362;2024-12-11T14:42:47;6;6;6;6;50;50;50;50;0.58;31.11;22;87734;
363;2024-12-11T14:43:49;6;6;6;6;52;53;53;53;0.57;31.2;22;87730;
364;2024-12-11T14:44:51;6;7;7;7;54;54;54;54;0.58;31.18;22;87736;
365;2024-12-11T14:45:53;6;6;6;6;48;48;48;48;0.57;31.19;21;87728;
366;2024-12-11T14:46:55;6;6;6;6;50;50;50;50;0.55;31.19;22;87723;
367;2024-12-11T14:47:57;6;6;6;6;48;49;49;49;0.56;31.19;22;87723;
368;2024-12-11T14:49:00;6;6;6;6;49;49;49;49;0.54;31.21;22;87720;
369;2024-12-11T14:50:02;7;7;7;7;56;56;56;56;0.55;31.22;22;87722;
370;2024-12-11T14:51:04;6;6;6;6;50;50;50;50;0.56;31.17;22;87715;
371;2024-12-11T14:52:06;6;6;6;6;53;53;53;53;0.56;31.19;22;87713;
372;2024-12-11T14:53:08;6;6;6;6;51;52;52;52;0.55;31.15;22;87716;
373;2024-12-11T14:54:10;6;6;6;6;51;51;51;51;0.54;31.14;22;87712;
374;2024-12-11T14:55:13;6;6;6;6;52;52;52;52;0.53;31.22;22;87711;
375;2024-12-11T14:56:15;6;6;6;6;54;54;54;54;0.55;31.24;22;87709;
376;2024-12-11T14:57:17;6;6;6;6;52;52;52;52;0.54;31.2;22;87706;
377;2024-12-11T14:58:19;6;6;6;6;49;49;49;49;0.55;31.16;22;87703;
378;2024-12-11T14:59:21;6;6;6;6;51;51;51;51;0.54;31.2;22;87700;
379;2024-12-11T15:00:23;6;6;6;6;52;52;52;52;0.53;31.22;22;87705;
380;2024-12-11T15:01:25;6;6;6;6;51;51;51;51;0.53;31.23;21;87696;
381;2024-12-11T15:02:28;6;6;6;6;50;50;50;50;0.54;31.15;22;87702;
382;2024-12-11T15:03:30;7;7;7;7;57;57;57;57;0.54;31.19;22;87706;
383;2024-12-11T15:04:32;6;7;7;7;55;55;55;55;0.54;31.16;22;87693;
384;2024-12-11T15:05:34;6;6;6;6;52;52;52;52;0.55;31.22;22;87694;
385;2024-12-11T15:06:36;6;6;6;6;53;54;54;54;0.56;31.2;22;87697;
386;2024-12-11T15:07:38;6;6;6;6;52;52;52;52;0.54;31.22;22;87687;
387;2024-12-11T15:08:41;6;6;6;6;48;49;49;49;0.55;31.19;22;87690;
388;2024-12-11T15:09:43;6;6;6;6;53;53;53;53;0.53;31.14;22;87692;
389;2024-12-11T15:10:45;6;6;6;6;52;52;52;52;0.54;31.14;22;87687;
390;2024-12-11T15:11:47;6;6;6;6;51;52;52;52;0.56;31.11;22;87685;
391;2024-12-11T15:12:49;6;6;6;6;53;53;53;53;0.56;31.15;23;87688;
392;2024-12-11T15:13:51;6;6;6;6;53;54;54;54;0.55;31.11;23;87685;
393;2024-12-11T15:14:54;6;7;7;7;55;55;55;55;0.55;31.13;23;87691;
394;2024-12-11T15:15:56;5;6;6;6;47;47;47;47;0.55;31.2;23;87678;
395;2024-12-11T15:16:58;6;6;6;6;52;52;52;52;0.52;31.21;23;87682;
396;2024-12-11T15:18:00;6;6;6;6;54;54;54;54;0.54;31.14;23;87679;
397;2024-12-11T15:19:02;6;7;7;7;54;54;54;54;0.55;31.18;23;87684;
398;2024-12-11T15:20:04;6;6;6;6;52;52;52;52;0.54;31.19;23;87679;
399;2024-12-11T15:21:07;6;6;6;6;48;48;48;48;0.55;31.21;23;87682;
400;2024-12-11T15:22:09;6;6;6;6;52;52;52;52;0.53;31.19;23;87682;
401;2024-12-11T15:23:11;6;6;6;6;53;53;53;53;0.5;31.14;23;87679;
402;2024-12-11T15:24:13;6;6;6;6;53;54;54;54;0.52;31.18;23;87678;
403;2024-12-11T15:25:15;6;6;6;6;49;49;49;49;0.53;31.19;23;87676;
404;2024-12-11T15:26:17;6;6;6;6;52;53;53;53;0.53;31.18;23;87669;
405;2024-12-11T15:27:20;6;6;6;6;49;49;49;49;0.54;31.19;23;87679;
406;2024-12-11T15:28:22;6;6;6;6;48;48;48;48;0.54;31.15;23;87677;
407;2024-12-11T15:29:24;6;6;6;6;47;47;47;47;0.55;31.22;23;87676;
408;2024-12-11T15:30:26;6;7;7;7;54;55;55;55;0.54;31.21;23;87682;
409;2024-12-11T15:31:28;6;6;6;6;52;52;52;52;0.54;31.28;23;87675;
410;2024-12-11T15:32:30;6;6;6;6;53;53;53;53;0.53;31.24;24;87684;
411;2024-12-11T15:33:32;6;6;6;6;53;53;53;53;0.53;31.21;23;87677;
412;2024-12-11T15:34:35;6;6;6;6;52;53;53;53;0.54;31.23;24;87680;
413;2024-12-11T15:35:37;6;6;6;6;48;48;48;48;0.55;31.22;24;87678;
414;2024-12-11T15:36:39;6;6;6;6;52;52;52;52;0.56;31.23;24;87683;
415;2024-12-11T15:37:41;6;7;7;7;55;55;55;55;0.54;31.24;24;87687;
416;2024-12-11T15:38:43;6;7;7;7;54;54;54;54;0.54;31.22;23;87681;
417;2024-12-11T15:39:45;6;6;6;6;52;52;52;52;0.5;31.19;24;87685;
418;2024-12-11T15:40:48;6;6;6;6;51;51;51;51;0.52;31.22;23;87689;
419;2024-12-11T15:41:50;6;6;6;6;54;54;54;54;0.53;31.24;24;87686;
420;2024-12-11T15:42:52;6;6;6;6;50;50;50;50;0.52;31.26;24;87689;
421;2024-12-11T15:43:54;6;6;6;6;53;53;53;53;0.54;31.25;24;87685;
422;2024-12-11T15:44:56;6;6;6;6;53;53;53;53;0.54;31.22;23;87689;
423;2024-12-11T15:45:58;6;6;6;6;54;54;54;54;0.55;31.23;24;87680;
424;2024-12-11T15:47:01;6;6;6;6;54;54;54;54;0.54;31.22;23;87684;
425;2024-12-11T15:48:03;6;6;6;6;53;53;53;53;0.54;31.22;24;87689;
426;2024-12-11T15:49:05;6;6;6;6;54;54;54;54;0.54;31.26;24;87684;
427;2024-12-11T15:50:07;6;6;6;6;49;49;49;49;0.53;31.27;24;87680;
428;2024-12-11T15:51:09;6;6;6;6;53;53;53;53;0.54;31.3;24;87679;
429;2024-12-11T15:52:11;6;6;6;6;50;50;50;50;0.53;31.28;24;87684;
430;2024-12-11T15:53:13;6;6;6;6;48;49;49;49;0.52;31.26;24;87681;
431;2024-12-11T15:54:16;6;6;6;6;48;48;48;48;0.54;31.22;24;87686;
432;2024-12-11T15:55:18;6;6;6;6;51;51;51;51;0.53;31.17;24;87682;
433;2024-12-11T15:56:20;7;7;7;7;57;57;57;57;0.54;31.19;24;87673;
434;2024-12-11T15:57:22;6;6;6;6;48;48;48;48;0.53;31.21;24;87682;
435;2024-12-11T15:58:24;6;6;6;6;49;49;49;49;0.52;31.23;24;87682;
436;2024-12-11T15:59:27;6;6;6;6;53;53;53;53;0.54;31.24;23;87681;
437;2024-12-11T16:00:29;6;6;6;6;52;52;52;52;0.53;31.22;24;87687;
438;2024-12-11T16:01:31;6;7;7;7;55;55;55;55;0.55;31.26;24;87678;
439;2024-12-11T16:02:33;6;6;6;6;49;49;49;49;0.56;31.23;24;87682;
440;2024-12-11T16:03:35;6;6;6;6;52;52;52;52;0.54;31.22;24;87683;
441;2024-12-11T16:04:37;7;7;7;7;57;57;57;57;0.54;31.22;24;87678;
442;2024-12-11T16:05:39;6;6;6;6;52;53;53;53;0.52;31.2;24;87675;
443;2024-12-11T16:06:42;6;6;6;6;52;52;52;52;0.54;31.21;24;87676;
444;2024-12-11T16:07:44;7;7;7;7;57;57;58;58;0.54;31.1;24;87683;
445;2024-12-11T16:08:46;7;7;7;7;57;57;57;57;0.53;31.08;24;87681;
446;2024-12-11T16:09:48;7;7;7;7;58;58;58;58;0.55;31.11;24;87683;
447;2024-12-11T16:10:50;7;7;7;7;58;58;58;58;0.56;31.2;24;87684;
448;2024-12-11T16:11:52;7;7;7;7;58;59;59;59;0.55;31.21;24;87682;
449;2024-12-11T16:12:55;6;6;6;6;52;52;52;52;0.56;31.25;24;87683;
450;2024-12-11T16:13:57;6;6;6;6;51;52;52;52;0.56;31.25;24;87687;
451;2024-12-11T16:14:59;6;6;6;6;53;53;53;53;0.55;31.25;23;87685;
452;2024-12-11T16:16:01;6;7;7;7;55;55;55;55;0.57;31.19;23;87684;
453;2024-12-11T16:17:03;7;7;7;7;56;56;56;56;0.58;31.19;23;87682;
454;2024-12-11T16:18:05;7;7;7;7;60;61;61;61;0.58;31.09;23;87683;
455;2024-12-11T16:19:08;7;7;7;7;59;59;59;59;0.57;31.19;23;87687;
456;2024-12-11T16:20:10;7;7;7;7;56;57;57;57;0.55;31.2;22;87687;
457;2024-12-11T16:21:12;7;7;7;7;56;56;56;56;0.55;31.23;23;87685;
458;2024-12-11T16:22:14;6;6;6;6;52;53;53;53;0.55;31.2;23;87681;
459;2024-12-11T16:23:16;7;7;7;7;57;57;57;57;0.55;31.16;23;87686;
460;2024-12-11T16:24:18;7;7;7;7;57;57;57;57;0.55;31.15;23;87683;
461;2024-12-11T16:25:21;7;7;7;7;56;56;56;56;0.55;31.23;23;87685;
462;2024-12-11T16:26:23;7;7;7;7;56;56;56;56;0.55;31.16;23;87687;
463;2024-12-11T16:27:25;7;7;7;7;60;61;61;61;0.54;31.2;23;87686;
464;2024-12-11T16:28:27;7;7;7;7;58;58;58;58;0.53;31.15;23;87686;
465;2024-12-11T16:29:29;7;7;7;7;56;57;57;57;0.55;31.1;23;87689;
466;2024-12-11T16:30:31;7;7;7;7;56;56;56;56;0.55;31.12;23;87690;
467;2024-12-11T16:31:33;7;7;7;7;60;60;60;60;0.55;31.13;23;87696;
468;2024-12-11T16:32:36;7;7;7;7;59;59;59;59;0.53;31.13;23;87694;
469;2024-12-11T16:33:38;7;7;7;7;57;57;57;57;0.51;31.07;23;87691;
470;2024-12-11T16:34:40;7;7;7;7;58;58;58;58;0.51;31.08;23;87698;
471;2024-12-11T16:35:42;7;7;7;7;61;61;61;61;0.52;31.11;23;87693;
472;2024-12-11T16:36:44;7;7;7;7;58;59;59;59;0.53;31.13;23;87699;
473;2024-12-11T16:37:46;7;7;7;7;58;58;58;58;0.55;31.12;23;87698;
474;2024-12-11T16:38:49;7;7;7;7;57;57;57;57;0.54;31.08;24;87698;
475;2024-12-11T16:39:51;7;7;7;7;59;59;59;59;0.54;31.11;23;87696;
476;2024-12-11T16:40:53;7;7;7;7;59;59;59;59;0.53;31.1;23;87698;
477;2024-12-11T16:41:55;7;7;7;7;57;57;57;57;0.52;31.07;23;87706;
478;2024-12-11T16:42:57;7;7;7;7;58;58;58;58;0.52;30.97;23;87696;
479;2024-12-11T16:43:59;7;8;8;8;63;64;64;64;0.54;31.01;23;87704;
480;2024-12-11T16:45:02;7;7;7;7;58;58;58;58;0.57;31.04;23;87708;
481;2024-12-11T16:46:04;7;7;7;7;58;58;58;58;0.61;31.03;23;87701;
482;2024-12-11T16:47:06;7;7;7;7;58;58;58;58;0.58;31.02;23;87708;
483;2024-12-11T16:48:08;7;7;7;7;56;57;57;57;0.58;30.99;24;87696;
484;2024-12-11T16:49:10;7;7;7;7;60;61;61;61;0.56;31.03;23;87707;
485;2024-12-11T16:50:12;7;7;7;7;60;60;60;60;0.55;31.11;23;87710;
486;2024-12-11T16:51:15;7;7;7;7;60;60;60;60;0.57;31.16;23;87706;
487;2024-12-11T16:52:17;7;7;7;7;56;56;56;56;0.57;31.22;23;87700;
488;2024-12-11T16:53:19;7;7;7;7;59;59;59;59;0.55;31.26;23;87708;
489;2024-12-11T16:54:21;6;7;7;7;54;55;55;55;0.55;31.27;23;87712;
490;2024-12-11T16:55:23;7;7;7;7;60;60;60;60;0.55;31.27;23;87709;
491;2024-12-11T16:56:25;7;7;7;7;59;59;59;59;0.55;31.29;23;87710;
492;2024-12-11T16:57:27;7;7;7;7;56;56;56;56;0.52;31.28;23;87708;
493;2024-12-11T16:58:30;7;7;7;7;60;61;61;61;0.54;31.3;23;87711;
494;2024-12-11T16:59:32;7;7;7;7;57;57;57;57;0.54;31.3;23;87705;
495;2024-12-11T17:00:34;7;7;7;7;62;62;62;62;0.52;31.3;23;87711;
496;2024-12-11T17:01:36;7;7;7;7;61;61;61;61;0.53;31.29;23;87710;
497;2024-12-11T17:02:38;7;7;7;7;56;57;57;57;0.52;31.29;23;87710;
498;2024-12-11T17:03:40;7;7;7;7;57;57;57;57;0.54;31.29;23;87716;
499;2024-12-11T17:04:43;7;7;7;7;61;61;61;61;0.55;31.29;23;87710;
500;2024-12-11T17:05:45;7;7;7;7;61;62;62;62;0.56;31.28;23;87712;
501;2024-12-11T17:06:47;7;7;7;7;57;57;57;57;0.55;31.29;23;87716;
502;2024-12-11T17:07:49;7;7;7;7;62;62;62;62;0.52;31.3;23;87720;
503;2024-12-11T17:08:51;7;7;7;7;61;61;61;61;0.53;31.31;23;87721;
504;2024-12-11T17:09:53;7;7;7;7;60;60;60;60;0.55;31.3;24;87716;
505;2024-12-11T17:10:56;7;7;7;7;59;59;59;59;0.55;31.29;24;87718;
506;2024-12-11T17:11:58;7;7;7;7;61;61;61;61;0.55;31.29;24;87720;
507;2024-12-11T17:13:00;7;7;7;7;59;59;59;59;0.55;31.28;23;87716;
508;2024-12-11T17:14:02;7;7;7;7;58;58;58;58;0.55;31.28;24;87714;
509;2024-12-11T17:15:04;7;7;7;7;62;62;62;62;0.54;31.28;24;87716;
510;2024-12-11T17:16:06;7;7;7;7;62;62;62;62;0.55;31.28;24;87714;
511;2024-12-11T17:17:09;7;7;7;7;60;60;60;60;0.57;31.27;23;87718;
512;2024-12-11T17:18:11;7;7;7;7;59;59;59;60;0.56;31.28;24;87716;
513;2024-12-11T17:19:13;7;7;7;7;57;57;57;57;0.55;31.26;24;87719;
514;2024-12-11T17:20:15;7;7;7;7;62;62;62;62;0.54;31.25;23;87716;
515;2024-12-11T17:21:17;7;8;8;8;64;64;64;64;0.53;31.25;24;87713;
516;2024-12-11T17:22:19;7;7;7;7;62;63;63;63;0.53;31.24;25;87717;
517;2024-12-11T17:23:22;7;7;7;7;62;62;62;62;0.53;31.25;24;87715;
518;2024-12-11T17:24:24;8;8;8;8;65;65;65;65;0.52;31.25;24;87713;
519;2024-12-11T17:25:26;7;7;7;7;58;59;59;59;0.52;31.25;24;87715;
520;2024-12-11T17:26:28;7;7;7;7;62;62;62;62;0.52;31.22;24;87719;
521;2024-12-11T17:27:30;7;7;7;7;61;61;61;61;0.52;31.22;24;87719;
522;2024-12-11T17:28:32;7;7;7;7;59;59;59;59;0.52;31.21;24;87720;
523;2024-12-11T17:29:34;7;7;7;7;57;57;57;57;0.52;31.19;24;87718;
524;2024-12-11T17:30:37;7;7;7;7;60;60;60;60;0.54;31.18;24;87719;
525;2024-12-11T17:31:39;7;7;7;7;61;61;61;61;0.52;31.19;24;87720;
526;2024-12-11T17:32:41;7;7;7;7;57;57;57;57;0.53;31.16;25;87723;
527;2024-12-11T17:33:43;7;7;7;7;57;57;57;57;0.54;31.15;25;87721;
528;2024-12-11T17:34:45;7;7;7;7;61;61;61;61;0.55;31.13;26;87720;
529;2024-12-11T17:35:47;7;7;7;7;61;61;61;61;0.56;31.12;25;87725;
530;2024-12-11T17:36:50;7;8;8;8;63;63;63;63;0.56;31.11;25;87723;
531;2024-12-11T17:37:52;7;8;8;8;63;63;63;63;0.53;31.1;25;87722;
532;2024-12-11T17:38:54;7;8;8;8;63;63;63;63;0.53;31.08;25;87731;
533;2024-12-11T17:39:56;7;7;7;7;58;59;59;59;0.54;31.07;25;87726;
534;2024-12-11T17:40:58;7;7;7;7;59;59;59;59;0.54;31.07;25;87729;
535;2024-12-11T17:42:00;7;7;7;7;61;61;61;61;0.53;31.07;25;87724;
536;2024-12-11T17:43:03;7;7;7;7;61;61;61;61;0.53;31.06;25;87730;
537;2024-12-11T17:44:05;7;7;7;7;59;59;59;59;0.53;31.08;25;87727;
538;2024-12-11T17:45:07;7;7;7;7;59;59;59;59;0.55;31.09;25;87732;
539;2024-12-11T17:46:09;7;7;7;7;61;61;61;61;0.55;31.03;25;87732;
540;2024-12-11T17:47:11;7;7;7;7;56;56;56;56;0.55;31.01;25;87737;
541;2024-12-11T17:48:13;7;7;7;7;61;61;61;61;0.56;31.01;25;87731;
542;2024-12-11T17:49:16;7;7;7;7;56;56;56;56;0.55;31.0;25;87730;
543;2024-12-11T17:50:18;8;8;8;8;64;64;64;64;0.54;30.98;26;87738;
544;2024-12-11T17:51:20;7;7;7;7;58;58;58;58;0.53;30.97;26;87737;
545;2024-12-11T17:52:22;8;8;8;8;68;68;68;68;0.53;30.97;26;87733;
546;2024-12-11T17:53:24;7;7;7;7;62;62;62;62;0.54;30.97;26;87734;
547;2024-12-11T17:54:26;7;7;7;7;61;61;61;61;0.56;30.95;25;87737;
548;2024-12-11T17:55:28;8;8;8;8;66;66;66;66;0.54;30.96;26;87741;
549;2024-12-11T17:56:31;7;8;8;8;64;64;64;64;0.55;30.93;26;87739;
550;2024-12-11T17:57:33;7;7;7;7;62;62;62;62;0.56;30.93;26;87742;
551;2024-12-11T17:58:35;7;7;7;7;60;60;60;60;0.55;30.88;26;87741;
552;2024-12-11T17:59:37;8;8;8;8;65;65;65;65;0.57;30.88;26;87741;
553;2024-12-11T18:00:39;7;8;8;8;63;64;64;64;0.59;30.92;26;87746;
554;2024-12-11T18:01:41;8;8;8;8;65;65;65;65;0.58;30.9;26;87749;
555;2024-12-11T18:02:44;7;7;7;7;62;62;62;62;0.56;30.88;26;87749;
556;2024-12-11T18:03:46;8;8;8;8;65;65;65;65;0.55;30.81;26;87748;
557;2024-12-11T18:04:48;7;8;8;8;63;63;63;63;0.54;30.82;26;87746;
558;2024-12-11T18:05:50;8;8;8;8;64;64;64;64;0.54;30.77;26;87744;
559;2024-12-11T18:06:52;7;7;7;7;62;63;63;63;0.55;30.76;26;87754;
560;2024-12-11T18:07:54;8;8;8;8;64;64;64;64;0.53;30.73;26;87753;
561;2024-12-11T18:08:57;8;8;8;8;66;66;66;66;0.54;30.72;26;87751;
562;2024-12-11T18:09:59;7;8;8;8;64;64;64;64;0.53;30.7;26;87751;
563;2024-12-11T18:11:01;8;8;8;8;70;70;70;70;0.54;30.69;26;87753;
564;2024-12-11T18:12:03;8;8;8;8;68;68;68;68;0.55;30.69;26;87758;
565;2024-12-11T18:13:05;10;10;10;10;83;83;84;84;0.59;30.68;26;87760;
566;2024-12-11T18:14:07;10;11;11;11;87;88;88;88;0.59;30.64;26;87751;
567;2024-12-11T18:15:10;11;12;12;12;98;98;98;98;0.58;30.62;27;87757;
568;2024-12-11T18:16:12;11;12;12;12;95;95;95;95;0.58;30.59;27;87766;
569;2024-12-11T18:17:14;11;12;12;12;96;96;96;96;0.59;30.56;27;87762;
570;2024-12-11T18:18:16;11;12;12;12;95;95;95;95;0.6;30.52;27;87756;
571;2024-12-11T18:19:18;12;12;13;13;99;99;99;99;0.61;30.51;27;87755;
572;2024-12-11T18:20:20;11;11;11;11;92;92;92;92;0.59;30.5;27;87763;
573;2024-12-11T18:21:23;10;10;11;11;86;86;87;87;0.57;30.5;27;87762;
574;2024-12-11T18:22:25;10;11;11;11;89;89;89;89;0.56;30.48;27;87762;
575;2024-12-11T18:23:27;11;11;12;12;94;94;94;94;0.57;30.48;27;87765;
576;2024-12-11T18:24:29;11;12;13;13;94;95;95;95;0.61;30.46;27;87762;
577;2024-12-11T18:25:31;11;12;13;13;95;96;96;96;0.62;30.44;27;87767;
578;2024-12-11T18:26:33;11;12;12;12;92;93;93;93;0.63;30.44;27;87770;
579;2024-12-11T18:27:36;11;12;12;12;91;92;92;92;0.61;30.42;27;87767;
580;2024-12-11T18:28:38;10;10;10;11;83;84;84;84;0.58;30.42;26;87772;
581;2024-12-11T18:29:40;11;11;11;11;91;92;92;92;0.57;30.4;27;87764;
582;2024-12-11T18:30:42;10;10;10;10;85;85;85;85;0.55;30.39;27;87776;
583;2024-12-11T18:31:44;11;11;11;11;95;95;95;95;0.56;30.37;27;87772;
584;2024-12-11T18:32:46;12;13;13;13;100;101;101;101;0.61;30.36;27;87775;
585;2024-12-11T18:33:49;11;12;12;12;95;96;96;96;0.6;30.33;27;87768;
586;2024-12-11T18:34:51;11;12;12;12;97;97;98;98;0.57;30.29;27;87777;
587;2024-12-11T18:35:53;11;11;12;12;92;93;93;93;0.58;30.28;27;87773;
588;2024-12-11T18:36:55;11;12;12;12;96;96;96;96;0.6;30.31;27;87771;
589;2024-12-11T18:37:57;11;11;12;12;90;91;91;91;0.59;30.28;27;87770;
590;2024-12-11T18:38:59;11;12;12;12;93;93;94;94;0.6;30.28;27;87778;
591;2024-12-11T18:40:02;11;12;12;12;94;95;95;95;0.6;30.26;27;87779;
592;2024-12-11T18:41:04;11;11;11;11;89;90;90;90;0.59;30.25;28;87777;
593;2024-12-11T18:42:06;11;12;12;12;97;98;98;98;0.57;30.24;28;87778;
594;2024-12-11T18:43:08;10;11;11;11;89;89;89;89;0.57;30.25;27;87783;
595;2024-12-11T18:44:10;10;10;10;10;83;84;84;84;0.56;30.25;27;87779;
596;2024-12-11T18:45:12;11;11;11;11;92;92;92;92;0.58;30.25;27;87785;
597;2024-12-11T18:46:15;10;11;11;11;88;88;88;88;0.57;30.22;27;87787;
598;2024-12-11T18:47:17;11;11;12;12;93;93;93;93;0.59;30.18;27;87784;
599;2024-12-11T18:48:19;11;11;12;12;91;92;92;92;0.58;30.18;27;87786;
600;2024-12-11T18:49:21;11;11;11;11;91;91;91;91;0.59;30.19;27;87787;
601;2024-12-11T18:50:23;10;11;11;11;86;87;87;87;0.6;30.17;27;87784;
602;2024-12-11T18:51:25;11;11;12;12;92;93;93;93;0.62;30.16;27;87786;
603;2024-12-11T18:52:28;11;11;11;11;91;91;91;91;0.6;30.14;27;87788;
604;2024-12-11T18:53:30;11;11;12;12;93;93;94;94;0.58;30.12;27;87789;
605;2024-12-11T18:54:32;11;12;12;12;95;95;95;95;0.59;30.1;27;87789;
606;2024-12-11T18:55:34;11;11;12;12;92;92;92;92;0.59;30.05;27;87785;
607;2024-12-11T18:56:36;11;11;12;12;92;92;92;92;0.59;30.05;27;87787;
608;2024-12-11T18:57:38;11;12;12;12;93;94;94;94;0.61;30.0;28;87791;
609;2024-12-11T18:58:41;11;12;12;12;93;94;94;94;0.61;30.01;28;87790;
610;2024-12-11T18:59:43;10;10;11;11;82;83;83;83;0.62;30.01;28;87800;
611;2024-12-11T19:00:45;10;11;11;11;88;89;89;89;0.6;30.01;28;87806;
612;2024-12-11T19:01:47;10;11;11;11;88;88;88;88;0.61;29.97;28;87789;
613;2024-12-11T19:02:49;10;10;11;11;84;84;84;84;0.58;29.96;28;87794;
614;2024-12-11T19:03:51;11;11;11;11;89;90;90;90;0.59;29.95;28;87801;
615;2024-12-11T19:04:54;11;11;11;12;89;90;90;90;0.6;29.92;28;87801;
616;2024-12-11T19:05:56;10;11;11;11;87;87;87;87;0.59;29.9;28;87805;
617;2024-12-11T19:06:58;11;11;12;12;91;92;92;92;0.59;29.9;28;87807;
618;2024-12-11T19:08:00;10;11;11;11;86;87;87;87;0.6;29.9;27;87807;
619;2024-12-11T19:09:02;10;11;11;11;85;86;86;86;0.61;29.89;28;87805;
620;2024-12-11T19:10:04;10;11;11;11;87;87;88;88;0.58;29.89;28;87805;
621;2024-12-11T19:11:07;10;11;11;11;89;89;89;89;0.58;29.87;28;87806;
622;2024-12-11T19:12:09;10;10;11;11;85;85;86;86;0.59;29.81;28;87806;
623;2024-12-11T19:13:11;10;10;10;10;84;84;84;84;0.56;29.8;28;87810;
624;2024-12-11T19:14:13;10;10;10;10;85;86;86;86;0.57;29.78;27;87807;
625;2024-12-11T19:15:15;9;10;10;10;81;81;81;81;0.57;29.79;28;87825;
626;2024-12-11T19:16:17;10;10;10;11;83;84;84;84;0.58;29.75;28;87814;
627;2024-12-11T19:17:20;10;11;11;11;87;87;87;87;0.57;29.74;28;87818;
628;2024-12-11T19:18:22;10;10;10;10;85;85;85;85;0.55;29.75;28;87820;
629;2024-12-11T19:19:24;10;10;10;10;82;82;82;82;0.57;29.7;28;87821;
630;2024-12-11T19:20:26;10;11;11;11;89;89;89;89;0.58;29.7;27;87823;
631;2024-12-11T19:21:28;10;10;10;10;82;82;82;82;0.57;29.69;28;87821;
632;2024-12-11T19:22:30;10;10;10;10;83;83;83;83;0.58;29.67;28;87822;
633;2024-12-11T19:23:33;10;11;11;11;87;87;87;87;0.59;29.67;28;87822;
634;2024-12-11T19:24:35;10;10;11;11;87;87;87;87;0.56;29.66;28;87823;
635;2024-12-11T19:25:37;9;9;9;9;78;78;78;78;0.54;29.63;28;87825;
636;2024-12-11T19:26:39;9;10;10;10;79;80;80;80;0.54;29.62;28;87828;
637;2024-12-11T19:27:41;10;10;10;10;82;82;82;82;0.54;29.6;28;87826;
638;2024-12-11T19:28:43;10;10;10;10;81;81;81;81;0.54;29.59;29;87824;
639;2024-12-11T19:29:46;10;10;11;11;87;87;87;87;0.57;29.6;28;87826;
640;2024-12-11T19:30:48;10;11;11;11;87;88;88;88;0.59;29.55;28;87824;
641;2024-12-11T19:31:50;10;11;11;11;88;88;88;88;0.6;29.54;28;87825;
642;2024-12-11T19:32:52;11;11;12;12;91;91;91;91;0.63;29.54;28;87823;
643;2024-12-11T19:33:54;11;11;11;11;89;90;90;90;0.6;29.54;28;87837;
644;2024-12-11T19:34:56;10;11;11;11;88;88;88;88;0.6;29.53;28;87835;
645;2024-12-11T19:35:59;10;10;10;10;85;85;85;85;0.56;29.5;28;87828;
646;2024-12-11T19:37:01;10;10;10;10;87;87;87;87;0.56;29.5;28;87828;
647;2024-12-11T19:38:03;10;11;11;11;87;87;87;87;0.58;29.51;28;87827;
648;2024-12-11T19:39:05;10;10;10;10;82;82;82;82;0.57;29.5;29;87839;
649;2024-12-11T19:40:07;9;10;10;10;81;81;81;81;0.58;29.49;28;87835;
650;2024-12-11T19:41:09;10;11;11;11;88;88;88;88;0.57;29.47;28;87840;
651;2024-12-11T19:42:12;10;10;10;10;84;84;84;84;0.57;29.45;28;87840;
652;2024-12-11T19:43:14;10;10;10;10;86;86;86;86;0.59;29.43;28;87842;
653;2024-12-11T19:44:16;10;11;11;11;87;87;87;87;0.6;29.45;28;87851;
654;2024-12-11T19:45:18;10;10;10;10;83;83;83;83;0.6;29.41;28;87846;
655;2024-12-11T19:46:20;10;11;11;11;88;88;88;88;0.58;29.43;28;87840;
656;2024-12-11T19:47:22;10;10;10;10;82;82;82;82;0.58;29.4;28;87845;
657;2024-12-11T19:48:25;10;11;11;11;86;87;87;87;0.58;29.4;28;87853;
658;2024-12-11T19:49:27;10;10;10;11;85;85;85;85;0.57;29.39;28;87849;
659;2024-12-11T19:50:29;10;11;11;11;87;87;87;87;0.57;29.39;28;87855;
660;2024-12-11T19:51:31;10;10;10;10;84;84;84;84;0.56;29.38;28;87859;
661;2024-12-11T19:52:33;11;11;11;11;91;91;91;91;0.56;29.37;29;87863;
662;2024-12-11T19:53:35;10;10;10;10;86;86;86;86;0.56;29.35;28;87857;
663;2024-12-11T19:54:38;10;11;11;11;88;89;89;89;0.57;29.35;28;87862;
664;2024-12-11T19:55:40;9;9;9;9;79;79;79;79;0.56;29.34;29;87861;
665;2024-12-11T19:56:42;10;11;11;11;88;88;88;88;0.55;29.31;28;87862;
666;2024-12-11T19:57:44;9;10;10;10;81;81;81;81;0.54;29.32;29;87867;
667;2024-12-11T19:58:46;10;10;10;10;86;86;86;86;0.54;29.32;28;87869;
668;2024-12-11T19:59:48;10;11;11;11;89;89;89;89;0.59;29.31;28;87860;
669;2024-12-11T20:00:51;11;11;12;12;89;90;90;90;0.64;29.31;28;87868;
670;2024-12-11T20:01:53;10;10;11;11;83;84;84;84;0.61;29.31;29;87868;
671;2024-12-11T20:02:55;9;10;10;10;78;79;79;79;0.6;29.28;29;87864;
672;2024-12-11T20:03:57;10;11;11;11;87;88;88;88;0.58;29.25;29;87859;
673;2024-12-11T20:04:59;9;10;10;10;80;81;81;81;0.58;29.25;29;87864;
674;2024-12-11T20:06:01;9;9;9;9;79;79;79;79;0.55;29.23;29;87873;
675;2024-12-11T20:07:04;9;9;9;9;79;79;79;79;0.55;29.21;29;87867;
676;2024-12-11T20:08:06;9;9;9;9;79;79;79;79;0.55;29.21;28;87870;
677;2024-12-11T20:09:08;9;10;10;10;80;80;80;80;0.55;29.21;29;87875;
678;2024-12-11T20:10:10;10;10;10;10;87;87;87;87;0.56;29.22;28;87882;
679;2024-12-11T20:11:12;9;9;9;9;75;75;75;75;0.56;29.21;29;87880;
680;2024-12-11T20:12:14;10;10;10;10;84;84;84;84;0.55;29.19;28;87873;
681;2024-12-11T20:13:16;10;10;11;11;85;86;86;86;0.59;29.19;29;87879;
682;2024-12-11T20:14:19;10;10;10;10;81;82;82;82;0.57;29.19;29;87890;
683;2024-12-11T20:15:21;10;11;11;11;88;88;88;88;0.57;29.18;29;87888;
684;2024-12-11T20:16:23;10;10;10;10;83;83;83;83;0.56;29.17;29;87887;
685;2024-12-11T20:17:25;10;10;10;10;87;87;87;87;0.55;29.18;29;87893;
686;2024-12-11T20:18:27;10;10;10;10;84;84;84;84;0.54;29.18;29;87893;
687;2024-12-11T20:19:30;10;11;11;11;88;89;89;89;0.55;29.15;29;87894;
688;2024-12-11T20:20:32;10;11;11;11;88;88;88;88;0.56;29.13;29;87903;
689;2024-12-11T20:21:34;10;10;10;10;81;81;81;81;0.57;29.14;29;87898;
690;2024-12-11T20:22:36;10;10;10;10;82;82;82;82;0.56;29.14;30;87904;
691;2024-12-11T20:23:38;10;10;10;10;86;87;87;87;0.56;29.12;29;87901;
692;2024-12-11T20:24:40;10;10;11;11;87;87;87;87;0.57;29.13;29;87902;
693;2024-12-11T20:25:42;10;10;10;10;84;84;84;84;0.56;29.12;30;87907;
694;2024-12-11T20:26:45;10;10;10;10;83;83;83;83;0.53;29.13;29;87903;
695;2024-12-11T20:27:47;10;11;11;11;88;88;88;88;0.56;29.13;29;87902;
696;2024-12-11T20:28:49;10;10;10;10;85;85;85;85;0.56;29.11;29;87913;
697;2024-12-11T20:29:51;10;10;10;10;83;83;83;83;0.56;29.09;29;87908;
698;2024-12-11T20:30:53;10;10;10;10;84;84;84;84;0.58;29.08;29;87912;
699;2024-12-11T20:31:55;10;10;10;10;86;86;86;86;0.58;29.09;29;87914;
700;2024-12-11T20:32:58;10;10;10;10;84;84;84;84;0.58;29.09;29;87913;
701;2024-12-11T20:34:00;10;10;10;10;82;82;83;83;0.58;29.07;29;87914;
702;2024-12-11T20:35:02;11;11;11;11;91;91;91;91;0.55;29.07;29;87914;
703;2024-12-11T20:36:04;11;11;11;11;90;90;90;90;0.55;29.07;29;87905;
704;2024-12-11T20:37:06;10;11;11;11;88;88;88;88;0.57;29.05;29;87914;
705;2024-12-11T20:38:08;10;11;11;11;87;87;87;87;0.6;29.07;29;87913;
706;2024-12-11T20:39:11;10;11;11;11;89;89;89;89;0.57;29.09;29;87913;
707;2024-12-11T20:40:13;10;10;10;10;83;84;84;84;0.55;29.07;29;87916;
708;2024-12-11T20:41:15;10;11;11;11;88;88;88;88;0.57;29.07;29;87916;
709;2024-12-11T20:42:17;10;11;11;11;88;88;88;88;0.59;29.08;29;87914;
710;2024-12-11T20:43:19;11;11;11;11;94;94;94;94;0.56;29.06;29;87917;
711;2024-12-11T20:44:21;10;11;11;11;88;88;88;88;0.55;29.06;29;87917;
712;2024-12-11T20:45:24;11;11;11;11;90;90;90;90;0.53;29.06;29;87920;
713;2024-12-11T20:46:26;10;11;11;11;89;89;89;89;0.55;29.04;29;87917;
714;2024-12-11T20:47:28;11;11;11;11;90;90;90;90;0.56;29.06;29;87922;
715;2024-12-11T20:48:30;10;10;10;10;88;88;88;88;0.54;29.04;29;87928;
716;2024-12-11T20:49:32;10;10;10;11;88;88;88;88;0.57;29.04;29;87928;
717;2024-12-11T20:50:34;10;10;10;10;84;84;84;85;0.57;29.02;29;87920;
718;2024-12-11T20:51:37;10;10;10;10;85;85;85;85;0.58;29.02;29;87925;
719;2024-12-11T20:52:39;10;10;10;10;86;86;86;86;0.58;29.01;29;87930;
720;2024-12-11T20:53:41;11;11;11;11;91;91;91;91;0.58;29.01;29;87932;
721;2024-12-11T20:54:43;11;11;11;11;91;92;92;92;0.55;29.01;29;87943;
722;2024-12-11T20:55:45;10;10;10;10;81;82;82;82;0.56;29.01;29;87934;
723;2024-12-11T20:56:47;10;11;11;11;88;88;88;88;0.56;29.0;29;87936;
724;2024-12-11T20:57:50;10;10;10;10;87;87;87;87;0.56;29.0;29;87950;
725;2024-12-11T20:58:52;10;11;11;11;88;89;89;89;0.56;28.98;29;87942;
726;2024-12-11T20:59:54;11;11;11;11;90;90;90;90;0.55;29.0;29;87949;
727;2024-12-11T21:00:56;10;11;11;11;88;88;88;88;0.55;28.98;29;87948;
728;2024-12-11T21:01:58;10;10;10;10;84;84;84;84;0.53;29.02;29;87950;
729;2024-12-11T21:03:00;10;10;10;10;86;86;86;86;0.53;29.0;29;87952;
730;2024-12-11T21:04:03;11;11;11;11;95;95;95;95;0.56;28.98;29;87948;
731;2024-12-11T21:05:05;10;10;10;10;86;86;86;86;0.55;28.97;30;87947;
732;2024-12-11T21:06:07;10;10;10;10;86;86;86;86;0.55;28.97;29;87957;
733;2024-12-11T21:07:09;10;11;11;11;88;88;88;88;0.55;28.94;29;87953;
734;2024-12-11T21:08:11;10;11;11;11;89;89;89;89;0.57;28.93;29;87952;
735;2024-12-11T21:09:13;10;10;10;10;82;82;83;83;0.56;28.94;29;87959;
736;2024-12-11T21:10:16;11;11;11;11;92;92;92;92;0.54;28.94;29;87959;
737;2024-12-11T21:11:18;10;10;10;10;86;86;86;86;0.54;28.93;29;87954;
738;2024-12-11T21:12:20;10;10;10;10;84;84;84;84;0.55;28.91;29;87960;
739;2024-12-11T21:13:22;10;10;10;10;87;87;87;87;0.53;28.92;30;87958;
740;2024-12-11T21:14:24;11;11;11;11;90;90;90;90;0.57;28.92;29;87961;
741;2024-12-11T21:15:26;11;11;11;11;93;94;94;94;0.58;28.89;29;87962;
742;2024-12-11T21:16:29;10;10;10;10;85;86;86;86;0.55;28.91;29;87970;
743;2024-12-11T21:17:31;10;10;10;10;84;84;84;84;0.52;28.93;29;87974;
744;2024-12-11T21:18:33;10;10;10;10;85;85;85;85;0.53;28.92;29;87964;
745;2024-12-11T21:19:35;10;10;10;10;87;87;87;87;0.54;28.89;29;87973;
746;2024-12-11T21:20:37;10;10;10;10;85;85;85;85;0.55;28.87;29;87976;
747;2024-12-11T21:21:39;11;11;11;11;90;91;91;91;0.57;28.87;29;87971;
748;2024-12-11T21:22:42;11;11;11;11;89;90;90;90;0.56;28.87;29;87970;
749;2024-12-11T21:23:44;10;10;10;10;87;87;87;87;0.56;28.87;29;87975;
750;2024-12-11T21:24:46;10;10;10;10;82;83;83;83;0.55;28.85;29;87967;
751;2024-12-11T21:25:48;9;10;10;10;80;80;80;80;0.55;28.84;29;87971;
752;2024-12-11T21:26:50;10;11;11;11;88;88;88;88;0.55;28.84;29;87972;
753;2024-12-11T21:27:52;10;11;11;11;88;89;89;89;0.58;28.86;29;87975;
754;2024-12-11T21:28:55;10;11;11;11;88;89;89;89;0.59;28.87;29;87978;
755;2024-12-11T21:29:57;10;11;11;11;87;87;87;87;0.59;28.87;29;87975;
756;2024-12-11T21:30:59;10;11;11;11;88;88;88;88;0.56;28.84;29;87971;
757;2024-12-11T21:32:01;11;11;11;11;92;93;93;93;0.58;28.84;29;87976;
758;2024-12-11T21:33:03;11;11;11;11;93;93;93;93;0.57;28.83;29;87983;
759;2024-12-11T21:34:05;12;12;12;12;98;99;99;99;0.59;28.83;29;87980;
760;2024-12-11T21:35:08;15;16;16;16;129;130;130;130;0.61;28.83;29;87976;
761;2024-12-11T21:36:10;16;18;18;19;136;137;137;137;0.6;28.81;29;87976;
762;2024-12-11T21:37:12;18;19;20;20;147;149;149;149;0.63;28.82;29;87982;
763;2024-12-11T21:38:14;17;18;19;19;142;143;143;143;0.64;28.83;30;87975;
764;2024-12-11T21:39:16;17;19;19;20;147;148;148;148;0.63;28.82;29;87980;
765;2024-12-11T21:40:18;18;19;20;20;153;154;154;154;0.59;28.8;30;87987;
766;2024-12-11T21:41:21;18;19;19;20;152;153;153;153;0.61;28.79;30;87978;
767;2024-12-11T21:42:23;18;20;21;21;151;153;153;153;0.66;28.79;29;87980;
768;2024-12-11T21:43:25;19;21;22;22;161;163;163;163;0.62;28.78;29;87980;
769;2024-12-11T21:44:27;20;21;22;23;166;167;167;167;0.62;28.77;30;87973;
770;2024-12-11T21:45:29;20;21;22;22;170;172;172;172;0.6;28.75;30;87978;
771;2024-12-11T21:46:31;19;20;21;21;164;165;165;165;0.61;28.76;30;87982;
772;2024-12-11T21:47:34;18;19;20;20;154;155;155;155;0.61;28.75;30;87978;
773;2024-12-11T21:48:36;18;19;19;19;155;155;155;155;0.59;28.76;30;87985;
774;2024-12-11T21:49:38;20;21;21;21;170;171;171;171;0.58;28.72;30;87987;
775;2024-12-11T21:50:40;18;19;19;19;155;156;156;156;0.58;28.71;29;87991;
776;2024-12-11T21:51:42;18;19;20;20;156;157;157;157;0.58;28.72;30;87990;
777;2024-12-11T21:52:44;17;18;18;18;145;146;146;146;0.59;28.69;30;87989;
778;2024-12-11T21:53:47;18;19;19;19;154;154;154;154;0.59;28.71;30;87991;
779;2024-12-11T21:54:49;17;18;18;19;148;149;149;149;0.61;28.69;30;87994;
780;2024-12-11T21:55:51;19;19;19;20;157;158;158;158;0.6;28.69;30;87994;
781;2024-12-11T21:56:53;19;19;19;20;157;158;158;158;0.59;28.67;30;87997;
782;2024-12-11T21:57:55;18;19;20;20;154;155;155;155;0.58;28.65;30;88000;
783;2024-12-11T21:58:57;17;18;19;19;147;148;149;149;0.58;28.64;30;88003;
784;2024-12-11T22:00:00;18;19;20;20;153;154;154;154;0.61;28.63;30;88007;
785;2024-12-11T22:01:02;18;18;19;19;152;153;153;153;0.57;28.62;30;88007;
786;2024-12-11T22:02:04;19;19;19;20;157;158;158;158;0.57;28.62;30;88007;
787;2024-12-11T22:03:06;19;20;21;21;164;165;165;165;0.59;28.62;30;88017;
788;2024-12-11T22:04:08;18;19;20;20;154;156;156;156;0.6;28.59;30;88018;
789;2024-12-11T22:05:10;19;20;20;20;161;162;162;162;0.6;28.57;30;88026;
790;2024-12-11T22:06:13;18;19;19;19;152;153;153;153;0.6;28.59;30;88029;
791;2024-12-11T22:07:15;19;20;20;20;159;160;160;160;0.59;28.57;30;88032;
792;2024-12-11T22:08:17;19;20;20;20;159;160;160;160;0.61;28.57;30;88032;
793;2024-12-11T22:09:19;19;20;20;20;161;162;162;162;0.59;28.58;30;88033;
794;2024-12-11T22:10:21;19;20;20;20;165;165;165;165;0.58;28.57;30;88032;
795;2024-12-11T22:11:23;18;19;19;19;157;158;158;158;0.56;28.53;30;88027;
796;2024-12-11T22:12:26;19;20;20;20;163;164;164;164;0.56;28.54;30;88028;
797;2024-12-11T22:13:28;19;20;21;21;165;166;166;166;0.62;28.54;30;88025;
798;2024-12-11T22:14:30;20;22;22;22;173;174;174;175;0.58;28.56;30;88030;
799;2024-12-11T22:15:32;20;21;21;21;168;169;169;169;0.59;28.53;30;88030;
800;2024-12-11T22:16:34;20;21;22;22;168;169;169;169;0.6;28.51;30;88030;
801;2024-12-11T22:17:36;20;21;21;22;172;173;173;173;0.58;28.5;30;88028;
802;2024-12-11T22:18:39;20;20;21;21;165;166;166;166;0.6;28.5;30;88028;
803;2024-12-11T22:19:41;21;22;23;23;178;179;179;179;0.61;28.51;29;88016;
804;2024-12-11T22:20:43;19;20;21;21;165;166;166;166;0.6;28.5;30;88020;
805;2024-12-11T22:21:45;19;20;21;21;163;164;164;164;0.6;28.48;30;88023;
806;2024-12-11T22:22:47;19;20;20;21;161;162;162;162;0.58;28.48;30;88014;
807;2024-12-11T22:23:49;18;19;19;19;153;154;154;154;0.58;28.48;30;88020;
808;2024-12-11T22:24:52;20;21;21;21;174;174;174;174;0.57;28.48;31;88009;
809;2024-12-11T22:25:54;20;21;21;21;171;171;171;171;0.58;28.48;30;88004;
810;2024-12-11T22:26:56;21;22;22;22;176;177;177;177;0.59;28.45;31;88019;
811;2024-12-11T22:27:58;19;20;20;20;166;166;166;166;0.57;28.44;30;88008;
812;2024-12-11T22:29:00;19;20;20;20;164;164;164;164;0.59;28.44;30;88006;
813;2024-12-11T22:30:03;21;21;21;22;175;175;175;175;0.58;28.4;30;88003;
814;2024-12-11T22:31:05;19;20;20;20;163;163;163;163;0.6;28.4;30;88003;
815;2024-12-11T22:32:07;19;20;21;21;164;165;165;165;0.61;28.42;31;88001;
816;2024-12-11T22:33:09;19;20;21;21;164;165;165;165;0.59;28.43;30;87996;
817;2024-12-11T22:34:11;18;19;19;19;156;157;157;157;0.57;28.42;30;87995;
818;2024-12-11T22:35:13;20;21;22;22;170;171;172;172;0.62;28.42;30;87998;
819;2024-12-11T22:36:16;20;21;22;22;167;168;169;169;0.61;28.41;30;87998;
820;2024-12-11T22:37:18;20;21;21;21;169;170;170;170;0.6;28.39;30;87993;
821;2024-12-11T22:38:20;19;20;20;20;165;165;165;165;0.58;28.4;30;87992;
822;2024-12-11T22:39:22;19;20;21;21;165;166;166;166;0.59;28.38;30;87995;
823;2024-12-11T22:40:24;19;19;20;20;158;159;159;159;0.58;28.38;30;87991;
824;2024-12-11T22:41:26;19;19;19;19;158;158;158;158;0.57;28.39;30;87990;
825;2024-12-11T22:42:29;18;19;19;19;153;154;154;154;0.58;28.38;30;87994;
826;2024-12-11T22:43:31;19;20;20;21;165;165;165;165;0.59;28.36;31;87992;
827;2024-12-11T22:44:33;19;19;20;20;158;159;159;159;0.59;28.37;30;87983;
828;2024-12-11T22:45:35;19;20;20;20;162;162;162;162;0.6;28.38;31;87987;
829;2024-12-11T22:46:37;20;21;21;21;169;170;170;170;0.57;28.36;30;87992;
830;2024-12-11T22:47:39;18;18;18;18;152;152;152;152;0.56;28.33;31;87980;
831;2024-12-11T22:48:42;19;20;20;20;162;162;162;162;0.58;28.34;31;87984;
832;2024-12-11T22:49:44;18;19;19;19;155;156;156;156;0.59;28.35;31;87987;
833;2024-12-11T22:50:46;17;18;18;18;146;146;146;146;0.57;28.36;31;87987;
834;2024-12-11T22:51:48;18;19;19;19;157;158;158;158;0.57;28.33;31;87977;
835;2024-12-11T22:52:50;18;19;19;19;154;154;154;154;0.56;28.3;31;87981;
836;2024-12-11T22:53:52;18;19;19;19;155;155;155;155;0.57;28.3;31;87981;
837;2024-12-11T22:54:55;18;19;19;19;153;154;154;154;0.59;28.32;31;87964;
838;2024-12-11T22:55:57;19;19;20;20;159;159;159;159;0.59;28.3;31;87978;
839;2024-12-11T22:56:59;19;19;19;20;159;159;159;159;0.59;28.31;31;87979;
840;2024-12-11T22:58:01;18;18;18;18;150;151;151;151;0.59;28.29;31;87974;
841;2024-12-11T22:59:03;18;19;19;19;152;153;153;153;0.6;28.3;31;87978;
842;2024-12-11T23:00:05;18;19;19;19;156;157;157;157;0.59;28.29;31;87979;
843;2024-12-11T23:01:08;19;20;20;20;164;165;165;165;0.57;28.3;31;87978;
844;2024-12-11T23:02:10;18;18;18;18;152;152;152;152;0.54;28.3;30;87981;
845;2024-12-11T23:03:12;19;19;19;19;160;160;160;160;0.56;28.27;31;87979;
846;2024-12-11T23:04:14;17;18;18;18;147;147;147;147;0.54;28.26;31;87983;
847;2024-12-11T23:05:16;18;18;18;18;152;152;152;152;0.56;28.24;32;87986;
848;2024-12-11T23:06:18;18;18;18;18;153;154;154;154;0.55;28.26;32;87983;
849;2024-12-11T23:07:21;18;19;19;19;157;157;158;158;0.6;28.25;31;87983;
850;2024-12-11T23:08:23;17;18;18;18;144;145;145;145;0.58;28.22;31;87980;
851;2024-12-11T23:09:25;18;19;19;19;156;157;157;157;0.58;28.21;31;87976;
852;2024-12-11T23:10:27;18;18;18;18;151;151;151;151;0.57;28.19;31;87971;
853;2024-12-11T23:11:29;19;19;19;19;158;159;159;159;0.58;28.22;31;87977;
854;2024-12-11T23:12:31;18;19;19;19;156;156;157;157;0.58;28.2;31;87975;
855;2024-12-11T23:13:34;17;18;18;18;148;148;148;148;0.58;28.21;31;87982;
856;2024-12-11T23:14:36;18;18;18;18;151;151;151;151;0.56;28.18;31;87978;
857;2024-12-11T23:15:38;18;19;19;19;156;156;156;156;0.61;28.19;31;87979;
858;2024-12-11T23:16:40;18;18;19;19;150;151;151;151;0.57;28.18;31;87975;
859;2024-12-11T23:17:42;18;18;18;18;150;150;151;151;0.59;28.21;31;87976;
860;2024-12-11T23:18:44;18;19;19;19;152;153;153;153;0.58;28.19;31;87976;
861;2024-12-11T23:19:47;18;19;19;19;154;154;154;154;0.58;28.18;31;87980;
862;2024-12-11T23:20:49;18;19;19;19;154;154;154;154;0.57;28.18;31;87983;
863;2024-12-11T23:21:51;17;18;18;18;148;148;148;148;0.56;28.18;31;87977;
864;2024-12-11T23:22:53;17;17;17;17;142;142;142;142;0.56;28.17;31;87979;
865;2024-12-11T23:23:55;17;18;18;18;148;149;149;149;0.59;28.16;31;87980;
866;2024-12-11T23:24:57;17;18;18;18;146;146;146;146;0.57;28.15;31;87979;
867;2024-12-11T23:26:00;17;18;18;18;145;146;146;146;0.57;28.16;31;87980;
868;2024-12-11T23:27:02;17;17;17;17;145;145;145;145;0.55;28.16;31;87980;
869;2024-12-11T23:28:04;18;18;18;18;150;150;150;150;0.54;28.12;31;87980;
870;2024-12-11T23:29:06;17;17;17;17;145;145;145;145;0.56;28.1;31;87975;
871;2024-12-11T23:30:08;17;18;18;18;148;149;149;149;0.56;28.13;31;87981;
872;2024-12-11T23:31:10;17;17;17;17;144;144;144;144;0.58;28.12;31;87983;
873;2024-12-11T23:32:13;17;18;18;18;147;148;148;148;0.56;28.13;31;87978;
874;2024-12-11T23:33:15;18;18;18;18;153;153;153;153;0.55;28.1;31;87981;
875;2024-12-11T23:34:17;17;18;18;18;149;149;149;149;0.55;28.1;31;87984;
876;2024-12-11T23:35:19;16;16;16;16;137;137;137;137;0.56;28.11;31;87982;
877;2024-12-11T23:36:21;17;18;18;18;145;146;146;146;0.57;28.09;31;87987;
878;2024-12-11T23:37:23;17;17;17;17;141;141;141;141;0.59;28.09;31;87990;
879;2024-12-11T23:38:26;17;17;17;17;143;143;143;143;0.57;28.1;31;87989;
880;2024-12-11T23:39:28;16;17;17;17;137;138;138;138;0.58;28.07;31;87988;
881;2024-12-11T23:40:30;16;17;17;17;140;140;140;140;0.57;28.07;31;87985;
882;2024-12-11T23:41:32;17;18;18;18;145;145;145;145;0.58;28.08;31;87989;
883;2024-12-11T23:42:34;17;17;18;18;144;144;144;144;0.57;28.08;31;87994;
884;2024-12-11T23:43:36;17;17;17;17;145;145;145;145;0.56;28.08;31;87997;
885;2024-12-11T23:44:39;17;18;18;18;147;148;148;148;0.58;28.05;31;87998;
886;2024-12-11T23:45:41;18;18;18;18;149;150;150;150;0.55;28.07;31;87998;
887;2024-12-11T23:46:43;16;16;16;16;135;135;135;135;0.56;28.06;31;88000;
888;2024-12-11T23:47:45;17;18;18;18;147;147;147;147;0.57;28.06;31;88002;
889;2024-12-11T23:48:47;16;16;16;16;136;136;136;136;0.57;28.03;31;87998;
890;2024-12-11T23:49:50;16;16;16;17;136;136;136;136;0.58;28.03;31;87993;
891;2024-12-11T23:50:52;17;18;18;18;145;145;145;145;0.59;28.04;32;88002;
892;2024-12-11T23:51:54;16;17;17;17;139;139;139;139;0.59;28.04;31;88002;
893;2024-12-11T23:52:56;17;17;17;17;145;145;145;145;0.56;28.04;31;88002;
894;2024-12-11T23:53:58;16;17;17;17;137;138;138;138;0.58;28.05;32;87998;
895;2024-12-11T23:55:00;17;17;17;17;144;145;145;145;0.57;28.03;31;88006;
896;2024-12-11T23:56:03;16;17;17;17;140;141;141;141;0.57;28.0;31;88001;
897;2024-12-11T23:57:05;17;17;17;17;145;145;145;145;0.55;27.99;31;87995;
898;2024-12-11T23:58:07;16;17;17;17;139;140;140;140;0.58;28.0;31;87996;
899;2024-12-11T23:59:09;16;17;17;17;140;140;140;140;0.59;28.02;31;87991;
900;2024-12-12T00:00:11;16;17;17;17;137;137;137;137;0.57;28.0;31;87997;
901;2024-12-12T00:01:13;16;16;16;16;137;137;137;137;0.57;27.99;32;87992;
902;2024-12-12T00:02:16;16;17;17;17;139;140;140;140;0.56;27.98;31;87993;
903;2024-12-12T00:03:18;17;18;18;18;146;146;146;146;0.56;27.99;31;88000;
904;2024-12-12T00:04:20;16;17;17;17;139;139;139;139;0.54;27.99;31;87992;
905;2024-12-12T00:05:22;16;16;16;16;136;136;136;136;0.53;28.0;32;88002;
906;2024-12-12T00:06:24;16;16;16;16;136;136;136;136;0.54;27.97;31;87992;
907;2024-12-12T00:07:26;16;16;16;16;134;134;134;134;0.55;27.96;31;87998;
908;2024-12-12T00:08:29;16;16;16;16;136;136;136;136;0.55;27.96;32;87996;
909;2024-12-12T00:09:31;16;16;16;16;132;133;133;133;0.58;27.96;31;87996;
910;2024-12-12T00:10:33;16;17;17;17;141;141;141;141;0.56;27.97;31;87998;
911;2024-12-12T00:11:35;16;16;16;16;133;134;134;134;0.57;27.95;31;87995;
912;2024-12-12T00:12:37;16;16;17;17;136;137;137;137;0.58;27.95;31;87998;
913;2024-12-12T00:13:39;16;16;16;16;133;133;133;133;0.57;27.93;31;87995;
914;2024-12-12T00:14:42;16;16;16;16;137;138;138;138;0.54;27.93;31;87992;
915;2024-12-12T00:15:44;16;16;16;16;134;134;134;134;0.54;27.93;31;87997;
916;2024-12-12T00:16:46;16;17;17;17;140;140;140;140;0.56;27.94;31;88004;
917;2024-12-12T00:17:48;17;17;17;17;142;142;142;142;0.57;27.94;31;87999;
918;2024-12-12T00:18:50;16;17;17;17;140;141;141;141;0.57;27.92;31;87996;
919;2024-12-12T00:19:52;15;16;16;16;131;131;131;131;0.56;27.94;31;87999;
920;2024-12-12T00:20:55;16;16;16;16;132;133;133;133;0.56;27.91;31;87997;
921;2024-12-12T00:21:57;16;16;16;16;133;134;134;134;0.57;27.91;31;87992;
922;2024-12-12T00:22:59;16;16;16;16;135;135;135;135;0.53;27.91;32;88003;
923;2024-12-12T00:24:01;15;16;16;16;130;130;130;130;0.54;27.92;31;87996;
924;2024-12-12T00:25:03;16;17;17;17;140;140;140;140;0.55;27.91;31;87997;
925;2024-12-12T00:26:05;15;15;15;15;127;127;127;127;0.56;27.89;31;87992;
926;2024-12-12T00:27:08;15;16;16;16;131;131;131;131;0.56;27.88;31;87990;
927;2024-12-12T00:28:10;16;16;16;16;134;135;135;135;0.56;27.89;31;87997;
928;2024-12-12T00:29:12;15;16;16;16;131;132;132;132;0.58;27.88;31;87999;
929;2024-12-12T00:30:14;16;16;16;16;136;136;136;136;0.55;27.86;31;87993;
930;2024-12-12T00:31:16;16;16;16;16;133;133;134;134;0.55;27.87;32;87984;
931;2024-12-12T00:32:18;16;16;16;16;136;136;136;136;0.54;27.86;31;87994;
932;2024-12-12T00:33:21;15;15;15;15;127;127;127;127;0.54;27.86;31;87988;
933;2024-12-12T00:34:23;16;16;16;16;133;134;134;134;0.55;27.85;32;87986;
934;2024-12-12T00:35:25;16;16;16;16;134;134;134;134;0.54;27.85;32;87992;
935;2024-12-12T00:36:27;16;16;16;16;132;133;133;133;0.56;27.85;32;87992;
936;2024-12-12T00:37:29;15;16;16;16;130;130;130;130;0.55;27.84;32;87991;
937;2024-12-12T00:38:31;16;16;16;16;135;135;135;135;0.54;27.81;31;87987;
938;2024-12-12T00:39:34;16;16;16;16;135;135;135;135;0.52;27.82;32;87990;
939;2024-12-12T00:40:36;16;16;16;16;134;134;134;134;0.54;27.81;31;87991;
940;2024-12-12T00:41:38;15;15;15;15;128;128;128;128;0.56;27.8;32;87996;
941;2024-12-12T00:42:40;15;16;16;16;130;130;130;130;0.57;27.8;32;87995;
942;2024-12-12T00:43:42;16;16;16;16;132;133;133;133;0.54;27.79;31;87989;
943;2024-12-12T00:44:45;15;15;15;15;129;130;130;130;0.55;27.8;32;88001;
944;2024-12-12T00:45:47;15;16;16;16;130;130;130;130;0.55;27.79;32;87989;
945;2024-12-12T00:46:49;15;16;16;16;131;131;131;131;0.56;27.76;32;87993;
946;2024-12-12T00:47:51;16;16;16;16;134;134;134;134;0.56;27.77;31;87986;
947;2024-12-12T00:48:53;15;16;16;16;129;129;129;129;0.57;27.74;33;87987;
948;2024-12-12T00:49:55;16;16;16;16;134;134;134;134;0.54;27.75;32;87989;
949;2024-12-12T00:50:58;15;15;15;15;129;129;129;129;0.55;27.76;32;87987;
950;2024-12-12T00:52:00;15;15;15;15;129;129;129;129;0.54;27.73;31;87992;
951;2024-12-12T00:53:02;16;16;16;16;134;134;134;134;0.55;27.76;32;87990;
952;2024-12-12T00:54:04;15;15;15;15;128;128;128;128;0.54;27.73;32;87989;
953;2024-12-12T00:55:06;16;16;16;16;134;134;134;134;0.56;27.73;32;87991;
954;2024-12-12T00:56:08;15;16;16;16;132;132;132;132;0.57;27.75;31;87989;
955;2024-12-12T00:57:11;16;16;16;16;135;135;135;135;0.55;27.75;31;87985;
956;2024-12-12T00:58:13;16;16;16;16;136;136;136;136;0.55;27.72;31;87984;
957;2024-12-12T00:59:15;15;15;15;15;127;127;127;127;0.54;27.71;32;87983;
958;2024-12-12T01:00:17;15;15;15;15;125;125;125;125;0.53;27.71;32;87983;
959;2024-12-12T01:01:19;16;16;16;16;134;134;134;134;0.54;27.7;32;87987;
960;2024-12-12T01:02:21;15;15;15;15;126;126;126;126;0.56;27.69;32;87980;
961;2024-12-12T01:03:23;15;15;15;15;124;124;124;124;0.54;27.68;31;87982;
962;2024-12-12T01:04:26;15;15;15;15;129;130;130;130;0.55;27.68;32;87979;
963;2024-12-12T01:05:28;15;16;16;16;132;132;132;132;0.54;27.66;32;87974;
964;2024-12-12T01:06:30;15;15;15;15;128;128;128;128;0.55;27.65;31;87981;
965;2024-12-12T01:07:32;15;16;16;16;130;130;130;130;0.55;27.66;32;87971;
966;2024-12-12T01:08:34;16;16;16;16;133;134;134;134;0.54;27.65;32;87977;
967;2024-12-12T01:09:36;16;16;16;16;133;133;133;133;0.53;27.66;32;87977;
968;2024-12-12T01:10:39;15;16;16;16;132;132;132;132;0.56;27.67;31;87978;
969;2024-12-12T01:11:41;15;15;15;15;127;127;128;128;0.57;27.67;31;87980;
970;2024-12-12T01:12:43;15;16;16;16;131;131;131;131;0.57;27.66;31;87982;
971;2024-12-12T01:13:45;15;16;16;16;131;132;132;132;0.59;27.65;32;87978;
972;2024-12-12T01:14:47;15;16;16;16;129;129;129;129;0.58;27.64;32;87979;
973;2024-12-12T01:15:49;15;15;15;15;127;127;127;127;0.55;27.65;32;87980;
974;2024-12-12T01:16:52;16;16;16;16;133;133;133;133;0.54;27.63;32;87975;
975;2024-12-12T01:17:54;15;16;16;16;130;131;131;131;0.55;27.62;32;87985;
976;2024-12-12T01:18:56;15;15;15;15;127;128;128;128;0.56;27.61;32;87986;
977;2024-12-12T01:19:58;15;16;16;16;130;130;130;130;0.55;27.59;32;87983;
978;2024-12-12T01:21:00;15;16;16;16;130;130;130;130;0.55;27.6;32;87979;
979;2024-12-12T01:22:02;15;16;16;16;132;132;132;132;0.56;27.57;32;87978;
980;2024-12-12T01:23:05;15;15;15;15;126;126;126;126;0.55;27.59;32;87978;
981;2024-12-12T01:24:07;16;16;16;16;134;135;135;135;0.55;27.59;32;87980;
982;2024-12-12T01:25:09;15;15;15;15;128;128;128;128;0.55;27.56;32;87978;
983;2024-12-12T01:26:11;15;15;15;15;129;129;129;129;0.56;27.53;32;87972;
984;2024-12-12T01:27:13;14;15;15;15;123;124;124;124;0.57;27.56;31;87973;
985;2024-12-12T01:28:15;15;16;16;16;130;130;130;130;0.54;27.55;32;87967;
986;2024-12-12T01:29:18;15;16;16;16;130;131;131;131;0.53;27.57;31;87975;
987;2024-12-12T01:30:20;15;16;16;16;131;131;131;131;0.57;27.57;32;87958;
988;2024-12-12T01:31:22;15;16;16;16;130;131;131;131;0.58;27.55;31;87961;
989;2024-12-12T01:32:24;15;16;16;16;132;132;132;132;0.56;27.54;32;87962;
990;2024-12-12T01:33:26;15;15;15;15;125;125;126;126;0.56;27.53;32;87958;
991;2024-12-12T01:34:28;15;15;15;15;126;126;126;126;0.54;27.53;32;87956;
992;2024-12-12T01:35:31;16;16;16;16;136;136;136;136;0.56;27.52;32;87957;
993;2024-12-12T01:36:33;15;16;16;16;130;130;130;130;0.55;27.52;32;87962;
994;2024-12-12T01:37:35;16;16;16;16;134;134;134;134;0.53;27.49;32;87961;
995;2024-12-12T01:38:37;15;16;16;16;130;130;130;130;0.55;27.49;32;87963;
996;2024-12-12T01:39:39;15;15;15;15;126;126;126;126;0.53;27.45;32;87967;
997;2024-12-12T01:40:42;16;16;16;16;132;132;133;133;0.51;27.45;32;87963;
998;2024-12-12T01:41:44;16;16;16;16;133;134;134;134;0.53;27.45;32;87963;
999;2024-12-12T01:42:46;15;15;15;15;124;125;125;125;0.53;27.44;32;87962;
1000;2024-12-12T01:43:48;15;16;16;16;131;131;131;131;0.55;27.45;32;87963;
1001;2024-12-12T01:44:50;15;16;16;16;130;130;130;130;0.54;27.39;32;87966;
1002;2024-12-12T01:45:52;15;16;16;16;130;130;130;130;0.55;27.4;32;87962;
1003;2024-12-12T01:46:55;16;16;16;16;133;133;133;133;0.57;27.38;32;87959;
1004;2024-12-12T01:47:57;16;16;16;16;133;133;133;133;0.56;27.41;32;87968;
1005;2024-12-12T01:48:59;15;15;15;15;129;129;129;129;0.56;27.39;32;87960;
1006;2024-12-12T01:50:01;16;17;17;17;140;141;141;141;0.56;27.38;32;87959;
1007;2024-12-12T01:51:03;15;16;16;16;130;130;130;130;0.55;27.41;31;87952;
1008;2024-12-12T01:52:05;16;16;16;16;132;133;133;133;0.53;27.39;32;87952;
1009;2024-12-12T01:53:08;15;15;15;15;126;126;126;126;0.54;27.39;32;87949;
1010;2024-12-12T01:54:10;15;15;15;15;127;127;127;127;0.56;27.39;32;87957;
1011;2024-12-12T01:55:12;15;15;15;15;129;129;129;129;0.54;27.35;32;87958;
1012;2024-12-12T01:56:14;15;15;15;15;124;124;124;124;0.53;27.36;32;87959;
1013;2024-12-12T01:57:16;15;15;15;15;126;127;127;127;0.56;27.36;32;87954;
1014;2024-12-12T01:58:18;15;15;15;15;128;128;128;128;0.56;27.35;32;87960;
1015;2024-12-12T01:59:21;15;16;16;16;130;131;131;131;0.54;27.35;32;87954;
1016;2024-12-12T02:00:23;16;16;16;16;133;133;133;133;0.55;27.33;32;87962;
1017;2024-12-12T02:01:25;15;15;15;15;127;127;127;127;0.55;27.34;33;87964;
1018;2024-12-12T02:02:27;15;15;15;15;128;128;128;128;0.55;27.34;32;87958;
1019;2024-12-12T02:03:29;15;15;15;15;127;127;128;128;0.55;27.34;32;87961;
1020;2024-12-12T02:04:31;15;16;16;16;130;130;130;130;0.55;27.33;32;87960;
1021;2024-12-12T02:05:34;15;16;16;16;129;130;130;130;0.57;27.34;32;87958;
1022;2024-12-12T02:06:36;15;15;15;15;124;125;125;125;0.56;27.32;32;87956;
1023;2024-12-12T02:07:38;15;15;15;15;124;124;124;124;0.57;27.3;32;87958;
1024;2024-12-12T02:08:40;15;15;16;16;128;128;128;128;0.57;27.29;32;87957;
1025;2024-12-12T02:09:42;14;15;15;15;123;123;123;123;0.54;27.28;33;87961;
1026;2024-12-12T02:10:44;14;14;14;14;120;121;121;121;0.54;27.28;32;87961;
1027;2024-12-12T02:11:47;15;15;15;15;125;125;125;125;0.57;27.3;32;87955;
1028;2024-12-12T02:12:49;15;15;15;15;124;124;124;124;0.54;27.28;32;87959;
1029;2024-12-12T02:13:51;16;16;16;16;133;133;133;133;0.56;27.28;32;87961;
1030;2024-12-12T02:14:53;15;15;15;15;126;127;127;127;0.56;27.25;32;87956;
1031;2024-12-12T02:15:55;15;15;15;15;125;125;125;125;0.55;27.26;32;87952;
1032;2024-12-12T02:16:57;14;15;15;15;123;123;123;123;0.53;27.27;32;87954;
1033;2024-12-12T02:18:00;14;15;15;15;123;123;123;123;0.54;27.24;32;87950;
1034;2024-12-12T02:19:02;15;15;15;15;127;127;127;127;0.54;27.21;33;87947;
1035;2024-12-12T02:20:04;14;14;14;14;120;120;120;120;0.54;27.21;32;87952;
1036;2024-12-12T02:21:06;15;15;15;15;128;128;128;128;0.56;27.21;32;87947;
1037;2024-12-12T02:22:08;15;16;16;16;127;128;128;128;0.58;27.21;32;87952;
1038;2024-12-12T02:23:10;14;15;15;15;122;122;122;122;0.57;27.16;32;87950;
1039;2024-12-12T02:24:13;14;14;14;14;117;117;117;117;0.53;27.18;32;87948;
1040;2024-12-12T02:25:15;14;14;14;14;118;119;119;119;0.56;27.17;32;87941;
1041;2024-12-12T02:26:17;14;15;15;15;121;121;121;121;0.54;27.17;32;87946;
1042;2024-12-12T02:27:19;15;15;15;15;126;126;126;126;0.55;27.16;32;87940;
1043;2024-12-12T02:28:21;14;15;15;15;123;123;123;123;0.55;27.16;32;87945;
1044;2024-12-12T02:29:23;15;15;15;15;126;127;127;127;0.56;27.15;32;87949;
1045;2024-12-12T02:30:26;15;15;15;15;124;124;124;124;0.58;27.14;32;87944;
0;2024-12-12T09:03:17;12;13;14;14;105;105;106;106;0.58;26.07;37;88212;SPSA0013_724A79CC0297DA3B
1;2024-12-12T09:04:19;12;12;12;12;101;101;101;101;0.59;26.09;37;88198;
2;2024-12-12T09:05:22;11;11;11;12;94;94;94;94;0.58;26.07;36;88206;
3;2024-12-12T09:06:24;11;11;11;11;93;93;93;93;0.56;26.09;36;88203;
4;2024-12-12T09:07:26;11;11;11;11;93;93;93;93;0.56;26.11;37;88209;
5;2024-12-12T09:08:28;11;11;11;11;91;91;91;91;0.56;26.15;37;88212;
6;2024-12-12T09:09:30;11;11;11;11;91;91;92;92;0.58;26.17;36;88211;
7;2024-12-12T09:10:32;10;10;10;10;86;86;86;86;0.55;26.2;37;88218;
8;2024-12-12T09:11:35;11;11;11;11;95;95;95;95;0.54;26.22;36;88205;
9;2024-12-12T09:12:37;11;11;11;11;96;96;96;96;0.53;26.27;36;88207;
10;2024-12-12T09:13:39;11;12;12;12;96;96;96;96;0.56;26.3;36;88214;
11;2024-12-12T09:14:41;11;11;11;11;94;94;94;94;0.55;26.35;36;88210;
12;2024-12-12T09:15:43;11;11;11;11;90;91;91;91;0.56;26.39;37;88221;
13;2024-12-12T09:16:45;10;11;11;11;88;88;88;88;0.56;26.42;36;88212;
14;2024-12-12T09:17:48;11;11;11;11;90;91;91;91;0.55;26.46;36;88211;
15;2024-12-12T09:18:50;10;10;10;10;87;87;87;87;0.56;26.52;36;88212;
16;2024-12-12T09:19:52;11;11;11;11;92;93;93;93;0.55;26.56;36;88215;
17;2024-12-12T09:20:54;10;10;10;10;85;85;85;85;0.55;26.6;36;88207;
18;2024-12-12T09:21:56;10;11;11;11;89;89;89;89;0.56;26.66;35;88212;
19;2024-12-12T09:22:58;11;11;11;11;90;90;90;90;0.54;26.7;36;88207;
20;2024-12-12T09:24:01;10;11;11;11;88;88;88;88;0.56;26.72;35;88210;
21;2024-12-12T09:25:03;10;10;10;10;86;86;86;86;0.57;26.74;35;88204;
22;2024-12-12T09:26:05;10;10;10;10;86;87;87;87;0.58;26.76;35;88210;
23;2024-12-12T09:27:07;10;11;11;11;88;88;88;88;0.55;26.77;35;88207;
24;2024-12-12T09:28:09;10;11;11;11;88;88;88;88;0.55;26.77;35;88201;
25;2024-12-12T09:29:11;10;10;10;10;88;88;88;88;0.55;26.82;35;88204;
26;2024-12-12T09:30:13;10;10;10;10;85;86;86;86;0.56;26.85;35;88206;
27;2024-12-12T09:31:16;11;11;11;11;90;90;90;90;0.57;26.87;35;88198;
28;2024-12-12T09:32:18;10;10;10;10;83;84;84;84;0.56;26.88;35;88205;
29;2024-12-12T09:33:20;9;9;9;9;79;79;79;79;0.57;26.89;35;88200;
30;2024-12-12T09:34:22;10;10;10;10;83;83;83;83;0.57;26.91;35;88201;
31;2024-12-12T09:35:24;10;10;10;10;85;85;85;85;0.55;26.94;35;88198;
32;2024-12-12T09:36:26;10;10;10;10;85;86;86;86;0.54;26.96;34;88200;
33;2024-12-12T09:37:29;10;10;10;10;82;82;82;82;0.56;26.98;35;88203;
34;2024-12-12T09:38:31;10;10;10;10;86;86;86;86;0.55;27.0;35;88200;
35;2024-12-12T09:39:33;10;10;10;10;85;85;85;85;0.54;27.03;35;88199;
36;2024-12-12T09:40:35;11;11;11;11;90;90;90;90;0.53;27.05;34;88196;
37;2024-12-12T09:41:37;10;10;10;10;82;82;82;82;0.53;27.06;34;88198;
38;2024-12-12T09:42:39;10;10;10;10;82;82;82;82;0.53;27.09;34;88202;
39;2024-12-12T09:43:42;9;10;10;10;81;81;81;81;0.55;27.11;34;88197;
40;2024-12-12T09:44:44;10;10;10;10;82;83;83;83;0.57;27.13;34;88193;
41;2024-12-12T09:45:46;10;11;11;11;88;88;88;88;0.58;27.15;34;88200;
42;2024-12-12T09:46:48;10;10;10;10;84;84;84;84;0.55;27.18;34;88193;
43;2024-12-12T09:47:50;10;10;10;10;86;87;87;87;0.55;27.21;34;88197;
44;2024-12-12T09:48:52;10;10;10;10;83;84;84;84;0.57;27.22;34;88193;
45;2024-12-12T09:49:55;10;10;10;10;84;84;84;84;0.57;27.27;34;88188;
46;2024-12-12T09:50:57;10;10;10;10;82;83;83;83;0.57;27.3;34;88192;
47;2024-12-12T09:51:59;10;11;11;11;88;88;88;88;0.58;27.31;34;88189;
48;2024-12-12T09:53:01;10;11;11;11;87;87;87;87;0.58;27.36;34;88185;
49;2024-12-12T09:54:03;10;11;11;11;87;88;88;88;0.58;27.37;34;88181;
50;2024-12-12T09:55:05;10;10;10;10;86;86;86;86;0.56;27.38;34;88182;
51;2024-12-12T09:56:07;11;11;11;11;90;90;90;90;0.55;27.39;34;88181;
52;2024-12-12T09:57:10;10;10;10;10;83;84;84;84;0.54;27.41;34;88178;
53;2024-12-12T09:58:12;10;10;10;10;84;84;84;84;0.56;27.43;34;88185;
54;2024-12-12T09:59:14;10;10;10;10;86;86;86;86;0.55;27.46;34;88180;
55;2024-12-12T10:00:16;10;10;10;10;84;84;84;84;0.56;27.47;34;88179;
56;2024-12-12T10:01:18;10;10;10;10;86;86;86;86;0.56;27.5;34;88171;
57;2024-12-12T10:02:20;10;10;10;10;87;87;87;87;0.56;27.52;34;88180;
58;2024-12-12T10:03:23;10;10;10;10;87;88;88;88;0.54;27.55;34;88178;
59;2024-12-12T10:04:25;10;11;11;11;88;88;88;88;0.54;27.55;34;88174;
60;2024-12-12T10:05:27;10;10;10;10;85;85;85;85;0.55;27.57;34;88177;
61;2024-12-12T10:06:29;11;11;11;11;90;91;91;91;0.54;27.56;34;88175;
62;2024-12-12T10:07:31;10;10;10;10;86;86;86;86;0.56;27.59;34;88174;
63;2024-12-12T10:08:33;10;11;11;11;87;87;87;87;0.58;27.6;34;88177;
64;2024-12-12T10:09:36;11;11;12;12;92;93;93;93;0.6;27.61;34;88174;
65;2024-12-12T10:10:38;12;12;12;13;99;99;99;99;0.6;27.65;33;88176;
66;2024-12-12T10:11:40;10;10;10;10;85;86;86;86;0.56;27.66;33;88176;
67;2024-12-12T10:12:42;11;11;11;11;90;90;90;90;0.56;27.68;33;88175;
68;2024-12-12T10:13:44;10;11;11;11;89;89;89;89;0.56;27.7;33;88177;
69;2024-12-12T10:14:46;10;11;11;11;89;90;90;90;0.56;27.75;33;88179;
70;2024-12-12T10:15:49;11;11;11;11;90;91;91;91;0.55;27.81;33;88177;
71;2024-12-12T10:16:51;10;11;11;11;88;88;88;88;0.56;27.85;33;88177;
72;2024-12-12T10:17:53;10;11;11;11;88;88;88;88;0.54;27.86;33;88176;
73;2024-12-12T10:18:55;11;11;11;11;92;92;92;92;0.53;27.87;33;88175;
74;2024-12-12T10:19:57;11;11;11;11;91;91;91;91;0.52;27.91;33;88175;
75;2024-12-12T10:20:59;10;10;10;10;87;88;88;88;0.54;27.96;33;88170;
76;2024-12-12T10:22:02;11;11;11;11;93;93;93;93;0.55;27.97;33;88174;
77;2024-12-12T10:23:04;10;10;10;10;87;87;87;87;0.55;27.98;33;88179;
78;2024-12-12T10:24:06;10;10;10;10;86;86;86;86;0.54;28.0;33;88176;
79;2024-12-12T10:25:08;11;11;11;11;93;93;93;93;0.53;28.01;33;88172;
80;2024-12-12T10:26:10;10;10;10;10;85;85;85;85;0.54;28.05;33;88178;
