counter;datetime;PM1;PM2_5;PM4;PM10;NumPM0;NumPM1;NumPM2_5;NumPM4;NumPM10;PartSize;tempC;humidity;pressure;meta
25521;2025-01-01T00:00:27;18;18;18;18;135;153;153;153;153;0.54;22.13;41;88141;
25522;2025-01-01T00:01:29;18;19;19;19;135;154;154;154;154;0.58;22.15;41;88141;
25523;2025-01-01T00:02:31;17;18;18;18;128;146;147;147;147;0.59;22.2;41;88145;
25524;2025-01-01T00:03:33;17;17;17;17;125;142;143;143;143;0.57;22.33;41;88136;
25525;2025-01-01T00:04:35;17;18;18;18;130;147;148;148;148;0.55;22.43;40;88140;
25526;2025-01-01T00:05:37;20;20;20;20;150;170;171;171;171;0.54;22.46;40;88144;
25527;2025-01-01T00:06:40;21;22;22;22;160;182;183;183;183;0.56;22.51;40;88145;
25528;2025-01-01T00:07:42;22;22;22;22;161;183;184;184;184;0.57;22.47;39;88146;
25529;2025-01-01T00:08:44;23;24;24;24;174;198;198;198;198;0.57;22.45;40;88148;
25530;2025-01-01T00:09:46;27;27;28;28;200;227;228;228;228;0.58;22.5;40;88149;
25531;2025-01-01T00:10:48;29;31;31;31;219;250;251;251;251;0.58;22.52;41;88155;
25532;2025-01-01T00:11:50;33;36;37;37;244;280;283;283;283;0.58;22.49;39;88159;
25533;2025-01-01T00:12:53;32;35;36;36;237;271;274;274;274;0.58;22.52;39;88147;
25534;2025-01-01T00:13:55;32;34;35;36;238;272;274;275;275;0.6;22.33;40;88148;
25535;2025-01-01T00:14:57;35;37;39;39;253;291;294;294;294;0.61;22.4;39;88146;
25536;2025-01-01T00:15:59;30;32;33;33;225;257;259;259;259;0.57;22.33;39;88148;
25537;2025-01-01T00:17:01;30;31;32;32;222;254;255;255;255;0.57;22.42;38;88150;
25538;2025-01-01T00:18:04;27;28;28;28;201;228;229;229;229;0.57;22.24;39;88148;
25539;2025-01-01T00:19:06;28;30;30;30;212;241;243;243;243;0.59;22.3;39;88143;
25540;2025-01-01T00:20:08;31;32;33;33;227;259;261;261;261;0.61;22.34;40;88149;
25541;2025-01-01T00:21:10;32;34;34;35;238;271;273;273;273;0.61;22.28;40;88145;
25542;2025-01-01T00:22:12;30;32;33;34;221;253;255;256;256;0.61;22.17;40;88145;
25543;2025-01-01T00:23:14;28;29;30;30;207;236;237;237;237;0.58;21.76;42;88148;
25544;2025-01-01T00:24:17;25;26;26;26;190;216;216;216;216;0.58;21.61;41;88138;
25545;2025-01-01T00:25:19;25;26;26;26;188;214;215;215;215;0.57;21.49;42;88135;
25546;2025-01-01T00:26:21;25;26;26;26;188;213;214;214;214;0.55;21.52;43;88132;
25547;2025-01-01T00:27:23;24;25;25;25;182;207;207;207;207;0.55;21.66;42;88134;
25548;2025-01-01T00:28:25;21;22;22;22;161;183;183;183;183;0.55;21.74;41;88132;
25549;2025-01-01T00:29:27;18;18;19;19;136;154;155;155;155;0.56;21.47;42;88130;
25550;2025-01-01T00:30:30;19;19;19;19;139;158;158;158;158;0.54;21.47;42;88135;
25551;2025-01-01T00:31:32;17;18;18;18;131;149;149;149;149;0.53;21.6;41;88131;
25552;2025-01-01T00:32:34;18;19;19;19;137;156;156;156;156;0.58;21.68;41;88132;
25553;2025-01-01T00:33:36;18;18;18;18;135;153;153;153;153;0.56;21.64;41;88126;
25554;2025-01-01T00:34:38;19;19;19;19;139;158;159;159;159;0.56;21.57;42;88133;
25555;2025-01-01T00:35:40;19;20;20;20;144;164;164;164;164;0.6;21.64;41;88131;
25556;2025-01-01T00:36:43;19;20;20;20;142;161;162;162;162;0.59;21.63;41;88130;
25557;2025-01-01T00:37:45;19;20;20;20;144;164;164;164;164;0.56;21.6;42;88128;
25558;2025-01-01T00:38:47;19;19;19;19;142;162;162;162;162;0.55;21.67;41;88138;
25559;2025-01-01T00:39:49;20;20;21;21;146;166;167;167;167;0.59;21.54;41;88134;
25560;2025-01-01T00:40:51;19;20;21;21;141;161;162;162;162;0.61;21.26;41;88132;
25561;2025-01-01T00:41:53;19;20;21;21;143;163;164;164;164;0.6;21.2;42;88131;
25562;2025-01-01T00:42:56;19;20;20;21;137;157;158;158;158;0.6;21.21;42;88131;
25563;2025-01-01T00:43:58;19;20;21;21;144;164;165;166;166;0.6;21.34;41;88128;
25564;2025-01-01T00:45:00;18;19;20;20;137;157;157;157;157;0.6;21.21;42;88125;
25565;2025-01-01T00:46:02;17;18;18;18;127;145;146;146;146;0.59;21.1;42;88131;
25566;2025-01-01T00:47:04;17;18;19;19;128;146;147;147;147;0.61;21.13;42;88129;
25567;2025-01-01T00:48:06;16;17;18;18;119;136;137;138;138;0.6;21.24;41;88129;
25568;2025-01-01T00:49:09;17;18;19;19;129;148;149;149;149;0.59;21.46;41;88130;
25569;2025-01-01T00:50:11;19;20;20;21;138;158;159;159;159;0.61;21.55;40;88124;
25570;2025-01-01T00:51:13;17;18;19;19;127;145;146;146;146;0.6;21.52;42;88126;
25571;2025-01-01T00:52:15;18;19;20;20;137;156;157;157;157;0.6;21.26;43;88132;
25572;2025-01-01T00:53:17;18;20;20;21;136;156;157;158;158;0.61;21.15;42;88124;
25573;2025-01-01T00:54:19;19;20;21;21;136;156;158;158;158;0.6;20.95;43;88131;
25574;2025-01-01T00:55:22;16;18;18;19;121;139;140;140;140;0.63;20.98;42;88115;
25575;2025-01-01T00:56:24;16;17;17;18;115;132;133;134;134;0.63;20.97;43;88123;
25576;2025-01-01T00:57:26;17;18;18;18;126;144;145;145;145;0.59;21.0;42;88123;
25577;2025-01-01T00:58:28;17;17;17;17;124;141;142;142;142;0.58;20.89;43;88123;
25578;2025-01-01T00:59:30;16;17;17;17;123;139;140;140;140;0.57;20.85;43;88123;
25579;2025-01-01T01:00:33;16;17;17;17;121;138;138;138;138;0.59;20.91;43;88123;
25580;2025-01-01T01:01:35;15;16;16;16;111;126;127;127;127;0.57;21.11;42;88125;
25581;2025-01-01T01:02:37;16;17;17;17;115;132;133;133;133;0.59;21.26;42;88116;
25582;2025-01-01T01:03:39;14;15;15;15;107;122;123;123;123;0.6;21.16;42;88118;
25583;2025-01-01T01:04:41;14;15;15;15;106;121;121;121;121;0.58;20.94;43;88120;
25584;2025-01-01T01:05:43;15;15;15;15;109;124;124;124;124;0.58;20.79;42;88114;
25585;2025-01-01T01:06:46;14;14;14;14;103;117;118;118;118;0.57;20.65;42;88120;
25586;2025-01-01T01:07:48;15;15;15;15;109;124;124;124;124;0.58;20.68;43;88121;
25587;2025-01-01T01:08:50;14;15;15;15;104;118;119;119;119;0.6;20.8;42;88118;
25588;2025-01-01T01:09:52;14;14;15;15;103;117;118;118;118;0.6;20.63;42;88114;
25589;2025-01-01T01:10:54;13;13;14;14;95;109;109;109;109;0.61;20.67;42;88112;
25590;2025-01-01T01:11:56;15;16;16;16;111;127;127;127;127;0.61;20.67;42;88115;
25591;2025-01-01T01:12:59;14;15;16;16;107;122;123;123;123;0.59;20.67;42;88109;
25592;2025-01-01T01:14:01;15;15;16;16;109;124;125;125;125;0.6;20.65;42;88116;
25593;2025-01-01T01:15:03;14;15;15;15;105;120;120;120;120;0.59;20.58;42;88106;
25594;2025-01-01T01:16:05;13;14;14;14;99;112;113;113;113;0.57;20.43;43;88108;
25595;2025-01-01T01:17:07;14;15;15;15;107;121;122;122;122;0.59;20.33;43;88101;
25596;2025-01-01T01:18:09;14;15;15;15;105;119;120;120;120;0.59;20.31;43;88101;
25597;2025-01-01T01:19:12;13;14;14;14;100;114;114;114;114;0.57;20.32;43;88103;
25598;2025-01-01T01:20:14;13;13;13;13;97;110;110;110;110;0.55;20.33;43;88098;
25599;2025-01-01T01:21:16;13;13;13;13;96;109;109;109;109;0.57;20.48;42;88098;
25600;2025-01-01T01:22:18;14;14;14;14;102;116;117;117;117;0.58;20.62;42;88102;
25601;2025-01-01T01:23:20;15;16;16;16;112;127;128;128;128;0.61;20.61;42;88103;
25602;2025-01-01T01:24:22;14;15;15;15;105;119;120;120;120;0.6;20.61;41;88100;
25603;2025-01-01T01:25:25;14;15;16;16;106;121;122;122;122;0.6;20.76;41;88105;
25604;2025-01-01T01:26:27;15;15;16;16;111;127;127;127;127;0.56;20.93;40;88096;
25605;2025-01-01T01:27:29;14;15;15;16;107;122;122;122;122;0.6;21.0;41;88099;
25606;2025-01-01T01:28:31;14;15;16;16;104;120;121;121;121;0.61;21.07;40;88095;
25607;2025-01-01T01:29:33;15;16;16;16;110;126;126;126;126;0.61;21.05;41;88097;
25608;2025-01-01T01:30:35;14;15;15;15;106;121;122;122;122;0.61;21.13;40;88097;
25609;2025-01-01T01:31:38;14;15;16;16;105;121;122;122;122;0.59;21.09;41;88098;
25610;2025-01-01T01:32:40;14;15;15;15;101;116;117;117;117;0.6;21.1;40;88094;
25611;2025-01-01T01:33:42;14;15;15;15;105;120;121;121;121;0.59;21.05;41;88082;
25612;2025-01-01T01:34:44;16;16;16;16;117;132;133;133;133;0.59;21.05;41;88092;
25613;2025-01-01T01:35:46;18;18;19;19;133;151;152;152;152;0.58;21.0;41;88091;
25614;2025-01-01T01:36:48;22;23;23;23;163;186;186;187;187;0.63;20.78;42;88086;
25615;2025-01-01T01:37:51;28;29;30;30;206;235;236;236;236;0.61;20.78;41;88081;
25616;2025-01-01T01:38:53;30;32;32;33;222;253;255;255;255;0.6;20.65;42;88081;
25617;2025-01-01T01:39:55;33;35;36;37;246;282;284;284;284;0.63;20.65;42;88079;
25618;2025-01-01T01:40:57;48;51;54;54;350;402;406;407;407;0.63;20.57;42;88084;
25619;2025-01-01T01:41:59;21;22;23;23;154;176;178;178;178;0.59;19.87;42;88088;
25620;2025-01-01T01:43:02;20;21;21;21;146;167;168;168;168;0.59;20.07;42;88083;
25621;2025-01-01T01:44:04;17;18;18;18;130;148;148;149;149;0.57;20.27;40;88076;
25622;2025-01-01T01:45:06;25;26;27;27;189;215;217;217;217;0.59;20.54;40;88080;
25623;2025-01-01T01:46:08;27;28;29;29;199;227;228;229;229;0.61;20.63;41;88076;
25624;2025-01-01T01:47:10;29;30;31;31;212;243;244;244;244;0.62;20.78;40;88075;
25625;2025-01-01T01:48:12;35;37;39;39;256;293;296;296;296;0.64;20.8;41;88076;
25626;2025-01-01T01:49:15;50;54;56;57;368;423;426;427;427;0.63;20.66;42;88080;
25627;2025-01-01T01:50:17;57;62;66;67;416;479;485;485;485;0.64;20.7;42;88072;
25628;2025-01-01T01:51:19;58;63;66;67;425;489;494;495;495;0.6;20.63;43;88076;
25629;2025-01-01T01:52:21;53;56;58;59;388;444;448;448;448;0.62;20.54;43;88080;
25630;2025-01-01T01:53:23;48;51;53;53;355;407;410;410;410;0.62;20.31;44;88082;
25631;2025-01-01T01:54:25;43;47;49;50;316;363;367;367;367;0.62;20.18;44;88083;
25632;2025-01-01T01:55:28;37;40;41;42;269;309;312;313;313;0.63;20.12;44;88085;
25633;2025-01-01T01:56:30;33;35;37;37;244;280;282;282;282;0.59;20.03;45;88072;
25634;2025-01-01T01:57:32;29;31;33;33;217;249;251;251;251;0.6;20.01;45;88072;
25635;2025-01-01T01:58:34;28;30;31;32;207;237;239;239;239;0.62;19.91;45;88067;
25636;2025-01-01T01:59:36;29;33;35;36;208;242;246;246;246;0.64;19.88;45;88068;
25637;2025-01-01T02:00:38;30;34;37;38;214;249;254;254;254;0.64;19.77;46;88063;
25638;2025-01-01T02:01:41;28;31;34;35;201;234;237;238;238;0.65;19.71;45;88067;
25639;2025-01-01T02:02:43;27;31;33;34;194;226;229;230;230;0.63;19.6;46;88074;
25640;2025-01-01T02:03:45;26;29;30;31;188;217;220;220;220;0.61;19.66;46;88064;
25641;2025-01-01T02:04:47;24;26;27;27;178;204;206;206;206;0.61;19.7;45;88069;
25642;2025-01-01T02:05:49;24;25;26;26;174;199;200;201;201;0.6;19.68;46;88064;
25643;2025-01-01T02:06:51;22;24;25;25;162;187;188;188;188;0.63;19.73;45;88060;
25644;2025-01-01T02:07:54;21;23;24;24;156;180;181;181;181;0.61;19.76;45;88065;
25645;2025-01-01T02:08:56;21;23;23;24;158;181;182;182;182;0.62;19.83;45;88060;
25646;2025-01-01T02:09:58;23;24;25;26;166;190;192;192;192;0.59;19.89;45;88061;
25647;2025-01-01T02:11:00;21;22;23;23;156;178;180;180;180;0.61;19.76;46;88067;
25648;2025-01-01T02:12:02;21;22;23;23;155;178;179;179;179;0.61;19.67;46;88062;
25649;2025-01-01T02:13:05;20;21;21;22;145;166;167;167;167;0.6;19.68;46;88061;
25650;2025-01-01T02:14:07;18;19;20;20;137;156;157;157;157;0.61;19.74;45;88058;
25651;2025-01-01T02:15:09;18;19;19;19;136;155;156;156;156;0.6;19.65;46;88057;
25652;2025-01-01T02:16:11;17;17;18;18;127;144;145;145;145;0.58;19.59;46;88060;
25653;2025-01-01T02:17:13;17;17;18;18;124;141;142;142;142;0.6;19.64;46;88061;
25654;2025-01-01T02:18:15;17;17;18;18;123;141;142;142;142;0.58;19.74;46;88046;
25655;2025-01-01T02:19:18;16;17;18;18;121;138;139;139;139;0.59;19.95;44;88058;
25656;2025-01-01T02:20:20;17;18;19;20;124;143;144;144;145;0.63;20.11;43;88049;
25657;2025-01-01T02:21:22;16;17;17;17;115;132;133;133;133;0.62;20.23;42;88045;
25658;2025-01-01T02:22:24;15;16;17;17;114;130;131;131;131;0.59;20.05;44;88046;
25659;2025-01-01T02:23:26;17;19;19;20;128;147;148;149;149;0.59;19.81;41;88050;
25660;2025-01-01T02:24:28;18;19;20;20;131;151;152;152;152;0.57;19.24;43;88053;
25661;2025-01-01T02:25:31;19;20;21;22;139;160;161;161;161;0.62;19.57;42;88051;
25662;2025-01-01T02:26:33;19;21;22;22;138;159;160;160;161;0.61;19.4;43;88048;
25663;2025-01-01T02:27:35;19;21;22;22;138;159;161;161;161;0.63;19.62;44;88052;
25664;2025-01-01T02:28:37;19;20;20;20;137;157;158;158;158;0.59;19.77;44;88052;
25665;2025-01-01T02:29:39;18;19;19;19;137;156;157;157;157;0.58;19.92;43;88047;
25666;2025-01-01T02:30:41;18;19;19;19;131;150;151;151;151;0.61;19.83;45;88044;
25667;2025-01-01T02:31:44;18;19;19;19;130;149;150;150;150;0.61;20.05;44;88040;
25668;2025-01-01T02:32:46;17;18;19;19;125;143;145;145;145;0.62;20.19;43;88044;
25669;2025-01-01T02:33:48;18;19;19;20;129;148;149;149;149;0.61;20.21;43;88039;
25670;2025-01-01T02:34:50;16;17;18;18;120;137;138;138;138;0.58;20.33;42;88037;
25671;2025-01-01T02:35:52;15;16;16;16;114;130;130;131;131;0.58;20.4;43;88038;
25672;2025-01-01T02:36:54;14;15;16;16;105;120;121;122;122;0.59;20.4;44;88035;
25673;2025-01-01T02:37:57;14;15;15;15;106;120;121;121;121;0.57;20.12;44;88037;
25674;2025-01-01T02:38:59;13;14;14;14;99;113;113;113;113;0.58;19.93;44;88031;
25675;2025-01-01T02:40:01;15;16;16;16;111;127;128;128;128;0.59;19.78;45;88034;
25676;2025-01-01T02:41:03;14;15;15;15;102;117;117;118;118;0.6;19.66;45;88029;
25677;2025-01-01T02:42:05;14;15;15;15;104;119;120;120;120;0.58;19.69;45;88028;
25678;2025-01-01T02:43:07;15;16;16;17;113;129;130;130;130;0.6;19.64;45;88034;
25679;2025-01-01T02:44:10;15;15;16;16;108;123;124;124;124;0.59;19.66;45;88037;
25680;2025-01-01T02:45:12;15;15;16;16;109;125;125;125;125;0.58;19.66;46;88037;
25681;2025-01-01T02:46:14;15;16;16;16;114;130;131;131;131;0.57;19.5;46;88030;
25682;2025-01-01T02:47:16;16;17;17;17;117;134;135;135;135;0.58;19.3;47;88037;
25683;2025-01-01T02:48:18;15;16;16;16;110;125;126;126;126;0.59;19.14;46;88039;
25684;2025-01-01T02:49:20;15;16;16;17;110;126;127;127;127;0.59;19.01;47;88033;
25685;2025-01-01T02:50:23;15;16;16;16;111;127;127;128;128;0.59;18.86;48;88035;
25686;2025-01-01T02:51:25;16;17;17;17;120;137;137;137;137;0.59;18.77;48;88038;
25687;2025-01-01T02:52:27;15;16;16;16;113;129;130;130;130;0.6;18.73;48;88043;
25688;2025-01-01T02:53:29;18;19;19;19;130;149;150;150;150;0.6;18.68;49;88030;
25689;2025-01-01T02:54:31;19;20;21;21;138;158;160;160;160;0.63;19.1;47;88031;
25690;2025-01-01T02:55:33;18;20;21;21;131;151;152;153;153;0.64;19.34;46;88035;
25691;2025-01-01T02:56:36;16;17;18;18;118;135;136;136;136;0.59;19.26;47;88029;
25692;2025-01-01T02:57:38;16;16;17;17;116;133;134;134;134;0.57;19.04;48;88028;
25693;2025-01-01T02:58:40;17;18;18;18;128;146;146;146;146;0.58;18.85;48;88031;
25694;2025-01-01T02:59:42;16;17;18;18;117;134;135;136;136;0.61;18.66;49;88025;
25695;2025-01-01T03:00:44;15;16;17;17;111;127;128;128;128;0.61;19.06;47;88027;
25696;2025-01-01T03:01:46;14;15;15;15;106;121;122;122;122;0.58;19.14;47;88028;
25697;2025-01-01T03:02:49;15;15;16;16;111;126;126;126;126;0.6;18.95;48;88025;
25698;2025-01-01T03:03:51;15;15;16;16;108;123;124;124;124;0.61;18.75;48;88027;
25699;2025-01-01T03:04:53;15;16;16;17;111;127;128;128;128;0.59;18.61;49;88024;
25700;2025-01-01T03:05:55;14;15;15;15;107;122;123;123;123;0.57;18.57;50;88026;
25701;2025-01-01T03:06:57;14;15;15;15;107;121;122;122;122;0.57;18.6;49;88016;
25702;2025-01-01T03:08:00;15;15;16;16;112;128;128;128;128;0.57;18.62;48;88022;
25703;2025-01-01T03:09:02;13;14;14;14;98;112;112;112;112;0.57;18.53;49;88017;
25704;2025-01-01T03:10:04;14;14;14;14;106;120;120;120;120;0.56;18.6;49;88027;
25705;2025-01-01T03:11:06;14;15;15;15;103;117;118;118;118;0.59;18.71;48;88021;
25706;2025-01-01T03:12:08;13;14;14;14;98;111;112;112;112;0.57;18.74;48;88020;
25707;2025-01-01T03:13:10;13;14;14;14;97;111;111;111;111;0.58;18.7;48;88022;
25708;2025-01-01T03:14:13;11;11;11;11;84;95;95;95;95;0.54;18.72;48;88017;
25709;2025-01-01T03:15:15;12;12;12;12;89;101;101;101;101;0.55;18.74;48;88009;
25710;2025-01-01T03:16:17;11;11;11;11;82;93;94;94;94;0.55;18.73;48;88013;
25711;2025-01-01T03:17:19;11;11;11;11;79;90;90;90;90;0.56;18.76;48;88010;
25712;2025-01-01T03:18:21;11;11;11;11;84;95;95;95;95;0.57;18.73;49;88007;
25713;2025-01-01T03:19:23;10;11;11;11;78;89;89;89;89;0.59;18.75;48;88007;
25714;2025-01-01T03:20:26;11;12;12;12;85;97;97;97;97;0.59;18.78;48;88014;
25715;2025-01-01T03:21:28;11;11;11;11;82;94;94;94;94;0.58;18.75;47;88011;
25716;2025-01-01T03:22:30;11;11;11;11;81;92;92;92;92;0.58;18.8;47;88013;
25717;2025-01-01T03:23:32;10;11;11;11;77;87;88;88;88;0.6;18.84;47;88007;
25718;2025-01-01T03:24:34;10;10;11;11;76;86;87;87;87;0.58;18.87;46;88006;
25719;2025-01-01T03:25:36;10;10;10;10;71;81;81;81;81;0.57;18.89;47;88015;
25720;2025-01-01T03:26:39;10;11;11;11;76;87;87;87;87;0.59;18.94;46;88010;
25721;2025-01-01T03:27:41;10;10;10;10;72;82;82;82;82;0.6;19.11;46;88010;
25722;2025-01-01T03:28:43;9;9;9;9;64;73;74;74;74;0.6;19.21;46;88016;
25723;2025-01-01T03:29:45;9;9;9;9;68;77;77;77;77;0.58;19.32;46;88016;
25724;2025-01-01T03:30:47;10;10;10;10;73;83;83;83;83;0.59;19.36;45;88014;
25725;2025-01-01T03:31:49;9;10;10;10;71;81;81;81;81;0.56;19.51;45;88015;
25726;2025-01-01T03:32:52;9;10;10;10;70;79;80;80;80;0.57;19.61;45;88018;
25727;2025-01-01T03:33:54;13;13;13;13;93;106;107;107;107;0.57;19.58;44;88025;
25728;2025-01-01T03:34:56;15;15;15;15;110;124;125;125;125;0.56;19.68;44;88028;
25729;2025-01-01T03:35:58;16;17;17;17;120;136;137;137;137;0.58;19.72;44;88029;
25730;2025-01-01T03:37:00;16;17;17;17;121;138;139;139;139;0.61;19.79;43;88033;
25731;2025-01-01T03:38:02;17;18;18;18;128;146;147;147;147;0.58;19.83;43;88036;
25732;2025-01-01T03:39:05;18;18;19;19;133;152;152;152;152;0.57;19.86;43;88029;
25733;2025-01-01T03:40:07;17;18;18;18;126;143;144;144;144;0.59;19.86;45;88033;
25734;2025-01-01T03:41:09;16;17;17;17;119;135;136;136;136;0.59;19.87;43;88026;
25735;2025-01-01T03:42:11;15;15;15;15;109;124;124;124;124;0.58;19.9;42;88035;
25736;2025-01-01T03:43:13;14;15;15;15;105;120;120;120;120;0.57;19.94;43;88028;
25737;2025-01-01T03:44:15;14;15;15;15;103;118;119;119;119;0.59;19.89;44;88031;
25738;2025-01-01T03:45:18;14;15;15;15;107;122;123;123;123;0.57;19.62;45;88039;
25739;2025-01-01T03:46:20;14;15;15;15;108;123;124;124;124;0.58;19.45;45;88031;
25740;2025-01-01T03:47:22;13;14;14;14;98;112;113;113;113;0.58;18.98;47;88038;
25741;2025-01-01T03:48:24;15;15;15;15;109;124;124;124;124;0.54;18.51;49;88033;
25742;2025-01-01T03:49:26;15;15;15;15;111;126;126;126;126;0.56;18.42;49;88037;
25743;2025-01-01T03:50:28;16;16;16;16;117;133;133;134;134;0.57;18.38;49;88033;
25744;2025-01-01T03:51:31;16;17;17;17;119;136;136;136;136;0.57;18.41;50;88038;
25745;2025-01-01T03:52:33;15;16;16;16;115;131;132;132;132;0.59;18.49;49;88045;
25746;2025-01-01T03:53:35;15;15;15;15;109;124;125;125;125;0.56;18.57;47;88042;
25747;2025-01-01T03:54:37;13;13;13;13;98;111;111;111;111;0.55;18.55;48;88044;
25748;2025-01-01T03:55:39;12;13;13;13;93;106;106;106;106;0.56;18.47;49;88038;
25749;2025-01-01T03:56:41;11;11;11;11;82;93;93;93;93;0.56;18.43;48;88039;
25750;2025-01-01T03:57:44;11;11;12;12;82;93;94;94;94;0.59;18.46;47;88040;
25751;2025-01-01T03:58:46;11;12;12;12;83;94;95;95;95;0.58;18.52;47;88035;
25752;2025-01-01T03:59:48;10;11;11;11;77;88;88;88;88;0.58;18.6;47;88043;
25753;2025-01-01T04:00:50;11;12;12;12;84;95;96;96;96;0.59;18.6;47;88044;
25754;2025-01-01T04:01:52;11;11;12;12;81;92;92;92;92;0.6;18.62;46;88043;
25755;2025-01-01T04:02:54;10;10;10;10;73;83;84;84;84;0.57;18.5;46;88040;
25756;2025-01-01T04:03:57;10;10;10;10;72;81;82;82;82;0.58;18.6;46;88046;
25757;2025-01-01T04:04:59;11;11;12;12;81;92;93;93;93;0.59;18.59;45;88044;
25758;2025-01-01T04:06:01;10;10;10;10;73;83;84;84;84;0.58;18.78;45;88047;
25759;2025-01-01T04:07:03;10;10;10;11;73;83;84;84;84;0.58;18.66;46;88047;
25760;2025-01-01T04:08:05;11;12;12;12;86;97;97;97;97;0.55;18.78;46;88052;
25761;2025-01-01T04:09:07;11;11;11;11;81;92;92;92;92;0.56;18.9;44;88049;
25762;2025-01-01T04:10:10;11;11;11;11;80;91;92;92;92;0.58;19.02;44;88059;
25763;2025-01-01T04:11:12;10;11;11;11;76;87;87;87;87;0.58;18.66;48;88063;
25764;2025-01-01T04:12:14;10;10;10;10;74;84;85;85;85;0.58;18.79;46;88057;
25765;2025-01-01T04:13:16;10;10;10;10;72;82;82;82;82;0.57;18.56;47;88051;
25766;2025-01-01T04:14:18;10;10;10;10;71;81;82;82;82;0.59;18.5;48;88059;
25767;2025-01-01T04:15:20;11;11;11;11;78;90;90;90;90;0.61;18.34;48;88060;
25768;2025-01-01T04:16:23;11;11;11;12;78;89;90;90;90;0.61;18.25;47;88053;
25769;2025-01-01T04:17:25;10;11;11;12;76;87;88;88;88;0.61;18.28;47;88065;
25770;2025-01-01T04:18:27;10;11;11;11;74;85;86;86;86;0.6;18.31;47;88062;
25771;2025-01-01T04:19:29;10;11;11;11;75;85;86;86;86;0.59;18.45;47;88062;
25772;2025-01-01T04:20:31;10;10;10;10;72;82;83;83;83;0.58;18.49;47;88066;
25773;2025-01-01T04:21:33;10;10;10;10;72;82;82;82;82;0.59;18.65;47;88072;
25774;2025-01-01T04:22:36;9;10;10;10;68;77;78;78;78;0.59;18.85;46;88074;
25775;2025-01-01T04:23:38;9;9;9;10;67;76;76;76;76;0.58;18.97;45;88068;
25776;2025-01-01T04:24:40;9;9;9;9;68;77;78;78;78;0.56;19.09;45;88075;
25777;2025-01-01T04:25:42;10;10;10;10;72;82;82;82;82;0.55;19.07;45;88074;
25778;2025-01-01T04:26:44;10;10;10;10;77;88;88;88;88;0.55;19.13;45;88078;
25779;2025-01-01T04:27:46;10;10;10;10;74;84;84;84;84;0.57;19.12;45;88074;
25780;2025-01-01T04:28:49;11;11;11;11;78;89;90;90;90;0.62;19.17;45;88078;
25781;2025-01-01T04:29:51;9;10;10;11;69;80;80;80;80;0.6;18.59;46;88079;
25782;2025-01-01T04:30:53;10;10;10;10;73;83;84;84;84;0.57;18.01;48;88090;
25783;2025-01-01T04:31:55;10;11;11;11;77;88;88;88;88;0.56;18.31;47;88085;
25784;2025-01-01T04:32:57;10;10;10;10;74;84;84;84;84;0.58;18.65;46;88082;
25785;2025-01-01T04:33:59;9;10;10;10;68;78;78;79;79;0.58;18.92;46;88081;
25786;2025-01-01T04:35:02;10;11;11;11;78;88;89;89;89;0.56;19.08;44;88078;
25787;2025-01-01T04:36:04;11;12;12;13;83;95;96;96;96;0.58;19.22;44;88082;
25788;2025-01-01T04:37:06;13;13;14;14;94;108;108;108;108;0.61;19.3;44;88086;
25789;2025-01-01T04:38:08;16;17;18;18;118;136;137;137;137;0.6;19.34;44;88086;
25790;2025-01-01T04:39:10;18;19;20;20;136;156;157;157;157;0.62;19.27;44;88090;
25791;2025-01-01T04:40:12;24;25;25;25;176;201;202;202;202;0.58;19.27;44;88100;
25792;2025-01-01T04:41:15;24;25;26;26;181;206;207;207;207;0.6;19.2;45;88098;
25793;2025-01-01T04:42:17;21;21;22;22;157;178;179;179;179;0.55;19.29;45;88093;
25794;2025-01-01T04:43:19;20;21;21;21;150;171;171;171;171;0.57;19.01;46;88099;
25795;2025-01-01T04:44:21;20;21;21;21;151;172;172;172;172;0.57;18.63;47;88096;
25796;2025-01-01T04:45:23;19;19;19;20;142;162;162;162;162;0.57;18.46;48;88097;
25797;2025-01-01T04:46:25;19;19;19;19;141;160;160;160;160;0.56;18.2;49;88095;
25798;2025-01-01T04:47:28;18;19;19;19;135;153;154;154;154;0.59;17.99;50;88100;
25799;2025-01-01T04:48:30;17;18;19;19;129;147;148;148;148;0.6;17.96;50;88093;
25800;2025-01-01T04:49:32;17;17;18;18;126;144;144;144;144;0.57;17.93;50;88097;
25801;2025-01-01T04:50:34;17;18;18;18;127;145;145;146;146;0.6;17.86;50;88102;
25802;2025-01-01T04:51:36;17;18;18;18;128;146;147;147;147;0.58;17.88;51;88098;
25803;2025-01-01T04:52:38;17;18;18;18;126;143;144;144;144;0.59;17.98;51;88101;
25804;2025-01-01T04:53:41;16;17;17;17;120;137;137;137;137;0.57;17.95;51;88102;
25805;2025-01-01T04:54:43;16;16;16;16;117;133;133;133;133;0.57;17.9;51;88098;
25806;2025-01-01T04:55:45;15;16;16;16;114;130;130;131;131;0.58;17.87;51;88104;
25807;2025-01-01T04:56:47;15;16;16;16;113;128;129;129;129;0.58;17.88;51;88108;
25808;2025-01-01T04:57:49;15;15;16;16;110;125;126;126;126;0.6;18.05;49;88106;
25809;2025-01-01T04:58:51;13;13;13;14;93;106;107;107;107;0.6;17.91;52;88113;
25810;2025-01-01T04:59:54;11;12;12;12;85;97;98;98;98;0.6;18.0;51;88104;
25811;2025-01-01T05:00:56;12;12;13;13;89;102;102;102;102;0.58;18.14;50;88105;
25812;2025-01-01T05:01:58;12;12;12;12;89;101;101;101;101;0.56;18.24;50;88114;
25813;2025-01-01T05:03:00;13;13;13;13;94;107;108;108;108;0.56;18.14;50;88115;
25814;2025-01-01T05:04:02;12;12;12;12;90;102;102;102;102;0.56;18.03;50;88117;
25815;2025-01-01T05:05:04;12;13;13;13;91;103;104;104;104;0.56;18.01;51;88116;
25816;2025-01-01T05:06:07;15;16;16;16;111;127;127;127;127;0.58;18.11;50;88121;
25817;2025-01-01T05:07:09;15;15;15;16;109;124;124;124;124;0.59;18.2;50;88122;
25818;2025-01-01T05:08:11;14;15;16;16;107;122;123;123;123;0.59;18.21;50;88128;
25819;2025-01-01T05:09:13;14;14;14;15;101;115;116;116;116;0.59;18.34;49;88128;
25820;2025-01-01T05:10:15;14;15;15;15;106;121;121;122;122;0.6;18.22;50;88129;
25821;2025-01-01T05:11:17;15;16;17;17;111;127;128;128;128;0.61;18.35;47;88132;
25822;2025-01-01T05:12:20;18;19;19;20;130;149;151;151;151;0.6;17.83;49;88133;
25823;2025-01-01T05:13:22;22;23;24;24;167;191;191;191;191;0.57;18.23;47;88137;
25824;2025-01-01T05:14:24;25;27;28;28;187;214;216;216;216;0.59;18.44;47;88142;
25825;2025-01-01T05:15:26;25;27;29;29;179;206;209;209;209;0.6;18.6;47;88142;
25826;2025-01-01T05:16:28;23;25;26;27;170;196;198;198;198;0.6;18.55;48;88149;
25827;2025-01-01T05:17:30;28;30;31;31;203;233;235;235;235;0.59;18.47;49;88148;
25828;2025-01-01T05:18:33;32;33;34;35;235;268;270;270;270;0.59;18.56;49;88145;
25829;2025-01-01T05:19:35;33;34;35;35;247;281;282;282;282;0.57;18.59;49;88150;
25830;2025-01-01T05:20:37;28;29;29;29;207;235;236;237;237;0.58;18.65;47;88147;
25831;2025-01-01T05:21:39;22;23;23;23;163;186;187;187;187;0.58;18.71;47;88150;
25832;2025-01-01T05:22:41;17;18;18;18;131;149;149;149;149;0.57;18.69;48;88159;
25833;2025-01-01T05:23:44;22;22;22;22;165;188;188;188;188;0.56;18.16;50;88150;
25834;2025-01-01T05:24:46;23;24;24;24;175;198;199;199;199;0.55;17.87;51;88155;
25835;2025-01-01T05:25:48;23;24;24;24;172;196;197;197;197;0.58;17.73;51;88151;
25836;2025-01-01T05:26:50;23;24;24;25;168;192;193;193;193;0.59;17.72;51;88150;
25837;2025-01-01T05:27:52;22;23;23;23;161;184;185;185;185;0.58;17.75;50;88149;
25838;2025-01-01T05:28:54;21;22;23;23;157;180;181;181;181;0.58;17.62;51;88152;
25839;2025-01-01T05:29:57;20;21;21;21;152;173;174;174;174;0.59;17.66;51;88152;
25840;2025-01-01T05:30:59;20;22;23;23;149;171;173;173;173;0.61;17.91;50;88150;
25841;2025-01-01T05:32:01;20;21;22;22;149;171;172;172;172;0.6;17.95;51;88162;
25842;2025-01-01T05:33:03;21;22;22;22;158;180;180;180;180;0.58;18.19;48;88163;
25843;2025-01-01T05:34:05;19;20;21;21;143;164;164;165;165;0.6;18.27;48;88163;
25844;2025-01-01T05:35:07;20;20;20;20;147;167;168;168;168;0.57;18.39;48;88161;
25845;2025-01-01T05:36:10;23;24;24;24;172;196;197;197;197;0.59;18.43;49;88164;
25846;2025-01-01T05:37:12;24;25;26;26;179;204;205;205;206;0.58;18.51;48;88168;
25847;2025-01-01T05:38:14;21;22;23;23;157;179;180;180;180;0.6;18.51;48;88167;
25848;2025-01-01T05:39:16;20;21;21;21;149;170;171;171;171;0.59;18.34;50;88170;
25849;2025-01-01T05:40:18;20;21;21;21;147;167;168;168;168;0.59;18.1;50;88166;
25850;2025-01-01T05:41:20;19;20;20;20;143;162;163;163;163;0.58;18.09;50;88172;
25851;2025-01-01T05:42:23;20;21;21;21;151;171;172;172;172;0.58;18.13;50;88176;
25852;2025-01-01T05:43:25;20;21;21;21;148;169;170;170;170;0.57;18.2;50;88173;
25853;2025-01-01T05:44:27;20;21;22;22;147;169;170;170;170;0.59;18.34;49;88176;
25854;2025-01-01T05:45:29;20;21;21;21;146;167;168;168;168;0.58;18.28;47;88177;
25855;2025-01-01T05:46:31;20;20;21;21;147;167;168;168;168;0.58;18.44;48;88177;
25856;2025-01-01T05:47:33;19;20;20;21;145;165;166;166;166;0.59;18.42;49;88179;
25857;2025-01-01T05:48:36;19;20;20;20;143;163;164;164;164;0.57;18.21;50;88171;
25858;2025-01-01T05:49:38;18;19;19;19;137;156;156;156;156;0.56;18.21;50;88182;
25859;2025-01-01T05:50:40;20;21;21;21;146;167;168;168;168;0.58;18.37;49;88180;
25860;2025-01-01T05:51:42;20;22;22;23;146;168;170;170;170;0.6;18.17;50;88176;
25861;2025-01-01T05:52:44;21;22;23;23;156;178;179;179;179;0.58;18.04;50;88185;
25862;2025-01-01T05:53:46;21;22;23;23;156;178;179;179;179;0.6;18.06;50;88174;
25863;2025-01-01T05:54:49;22;23;24;24;162;186;187;187;187;0.6;18.1;49;88180;
25864;2025-01-01T05:55:51;20;21;22;22;151;173;174;174;174;0.6;18.32;47;88181;
25865;2025-01-01T05:56:53;19;20;21;21;139;159;160;160;160;0.59;18.12;49;88179;
25866;2025-01-01T05:57:55;21;22;23;23;152;174;176;176;176;0.62;18.12;48;88182;
25867;2025-01-01T05:58:57;19;21;22;22;140;161;163;163;163;0.59;17.97;50;88186;
25868;2025-01-01T05:59:59;21;22;23;24;151;174;176;176;176;0.61;18.07;50;88183;
25869;2025-01-01T06:01:02;23;25;27;27;170;195;198;198;198;0.64;18.09;49;88183;
25870;2025-01-01T06:02:04;26;28;29;29;188;217;218;219;219;0.6;18.1;48;88176;
25871;2025-01-01T06:03:06;24;26;26;27;180;206;208;208;208;0.62;17.82;50;88186;
25872;2025-01-01T06:04:08;21;22;23;23;158;181;182;182;182;0.6;17.66;50;88179;
25873;2025-01-01T06:05:10;19;20;20;21;138;158;160;160;160;0.61;17.63;49;88180;
25874;2025-01-01T06:06:12;16;17;18;18;117;135;136;136;136;0.62;17.81;48;88184;
25875;2025-01-01T06:07:15;15;16;16;16;110;126;127;127;127;0.6;17.48;49;88180;
25876;2025-01-01T06:08:17;14;14;14;14;103;117;117;117;117;0.59;17.42;49;88182;
25877;2025-01-01T06:09:19;12;13;13;13;90;102;103;103;103;0.6;17.37;50;88177;
25878;2025-01-01T06:10:21;12;13;13;13;89;102;103;103;103;0.6;17.42;49;88178;
25879;2025-01-01T06:11:23;11;12;13;13;84;96;97;97;97;0.61;17.65;47;88172;
25880;2025-01-01T06:12:25;10;10;11;11;74;84;84;84;84;0.59;17.69;47;88178;
25881;2025-01-01T06:13:28;9;9;10;10;66;75;76;76;76;0.59;17.89;47;88184;
25882;2025-01-01T06:14:30;9;9;10;10;67;77;77;77;77;0.57;17.85;47;88179;
25883;2025-01-01T06:15:32;9;9;10;10;66;75;76;76;76;0.57;18.02;46;88182;
25884;2025-01-01T06:16:34;9;9;10;10;68;77;78;78;78;0.57;17.98;47;88182;
25885;2025-01-01T06:17:36;12;13;13;13;92;105;106;106;106;0.6;18.1;46;88192;
25886;2025-01-01T06:18:38;10;11;11;11;75;85;86;86;86;0.6;18.03;47;88189;
25887;2025-01-01T06:19:41;10;11;11;11;76;87;88;88;88;0.59;17.95;46;88188;
25888;2025-01-01T06:20:43;10;11;11;11;75;86;86;86;86;0.59;17.93;46;88196;
25889;2025-01-01T06:21:45;10;11;11;11;78;89;89;89;89;0.57;17.99;46;88188;
25890;2025-01-01T06:22:47;10;10;10;10;77;87;87;87;87;0.56;17.96;46;88184;
25891;2025-01-01T06:23:49;11;11;11;11;81;92;93;93;93;0.56;17.98;46;88193;
25892;2025-01-01T06:24:51;11;12;12;12;81;93;93;94;94;0.61;18.01;46;88191;
25893;2025-01-01T06:25:54;10;11;11;11;73;84;85;85;85;0.6;18.0;46;88196;
25894;2025-01-01T06:26:56;10;11;11;11;72;83;84;84;84;0.61;18.02;47;88198;
25895;2025-01-01T06:27:58;10;10;11;11;72;82;83;83;83;0.61;18.1;47;88198;
25896;2025-01-01T06:29:00;9;9;10;10;63;73;73;73;73;0.61;18.03;47;88195;
25897;2025-01-01T06:30:02;9;10;10;11;68;79;79;79;79;0.61;17.77;46;88203;
25898;2025-01-01T06:31:04;11;12;13;13;80;93;94;94;94;0.59;17.97;46;88191;
25899;2025-01-01T06:32:07;11;12;13;13;81;93;94;94;94;0.6;18.1;45;88192;
25900;2025-01-01T06:33:09;32;33;33;33;237;270;271;271;271;0.5;18.15;45;88200;
25901;2025-01-01T06:34:11;12;12;12;12;88;100;100;100;100;0.56;18.16;47;88201;
25902;2025-01-01T06:35:13;11;12;12;12;83;95;95;95;95;0.6;18.24;47;88202;
25903;2025-01-01T06:36:15;10;11;11;11;77;88;88;88;88;0.61;18.27;47;88201;
25904;2025-01-01T06:37:17;11;12;12;12;85;97;97;98;98;0.58;18.41;46;88208;
25905;2025-01-01T06:38:20;11;12;12;12;82;94;94;95;95;0.58;18.49;46;88205;
25906;2025-01-01T06:39:22;11;12;13;13;84;96;97;97;97;0.59;17.75;48;88197;
25907;2025-01-01T06:40:24;14;15;15;16;105;120;121;121;121;0.59;17.77;46;88205;
25908;2025-01-01T06:41:26;13;14;14;14;96;110;111;111;111;0.6;18.1;47;88209;
25909;2025-01-01T06:42:28;12;13;13;14;86;99;100;100;100;0.61;18.12;48;88209;
25910;2025-01-01T06:43:30;13;14;14;14;97;111;112;112;112;0.59;18.15;48;88206;
25911;2025-01-01T06:44:33;10;10;11;11;73;84;84;84;84;0.58;18.12;47;88201;
25912;2025-01-01T06:45:35;9;10;10;10;69;78;79;79;79;0.57;18.17;48;88209;
25913;2025-01-01T06:46:37;9;9;9;9;66;76;76;76;76;0.57;18.18;47;88215;
25914;2025-01-01T06:47:39;9;10;10;10;69;79;79;79;79;0.58;18.36;46;88219;
25915;2025-01-01T06:48:41;13;14;15;16;94;109;110;110;110;0.63;18.47;46;88216;
25916;2025-01-01T06:49:43;12;13;14;14;87;100;102;102;102;0.6;18.48;46;88222;
25917;2025-01-01T06:50:46;10;11;11;12;75;86;87;87;87;0.58;18.54;46;88212;
25918;2025-01-01T06:51:48;11;12;14;14;75;88;90;90;90;0.64;18.3;48;88213;
25919;2025-01-01T06:52:50;12;13;14;15;83;97;98;99;99;0.61;18.44;45;88220;
25920;2025-01-01T06:53:52;17;18;19;19;125;143;145;145;145;0.6;18.54;47;88222;
25921;2025-01-01T06:54:54;17;18;18;18;124;142;143;143;143;0.59;18.56;48;88225;
25922;2025-01-01T06:55:56;14;15;15;15;103;118;118;118;118;0.57;18.44;49;88225;
25923;2025-01-01T06:56:59;10;10;10;10;74;84;84;84;84;0.56;18.37;48;88228;
25924;2025-01-01T06:58:01;8;9;9;9;61;70;70;70;70;0.57;18.42;48;88227;
25925;2025-01-01T06:59:03;9;9;10;10;66;75;76;76;76;0.58;18.59;47;88230;
25926;2025-01-01T07:00:05;11;12;12;12;82;94;95;95;95;0.57;18.2;47;88224;
25927;2025-01-01T07:01:07;19;20;21;21;143;163;164;164;164;0.58;18.36;45;88238;
25928;2025-01-01T07:02:09;23;25;25;26;169;194;196;196;196;0.62;18.59;44;88230;
25929;2025-01-01T07:03:12;26;26;27;27;192;218;219;219;219;0.55;18.51;45;88238;
25930;2025-01-01T07:04:14;27;27;27;27;199;226;226;226;226;0.54;18.66;44;88234;
25931;2025-01-01T07:05:16;36;44;49;51;251;297;305;306;306;0.62;18.74;46;88243;
25932;2025-01-01T07:06:18;37;52;63;67;236;294;309;311;311;0.62;18.83;45;88245;
25933;2025-01-01T07:07:20;25;25;25;25;184;210;210;210;210;0.55;18.34;47;88243;
25934;2025-01-01T07:08:22;35;36;37;37;264;300;301;301;301;0.58;17.14;49;88246;
25935;2025-01-01T07:09:25;31;32;32;33;231;263;264;265;265;0.57;17.03;48;88251;
25936;2025-01-01T07:10:27;22;23;24;24;168;191;192;192;192;0.57;17.3;47;88257;
25937;2025-01-01T07:11:29;16;17;17;17;120;136;137;137;137;0.59;17.97;44;88255;
25938;2025-01-01T07:12:31;21;22;22;22;154;176;177;177;177;0.6;18.31;45;88255;
25939;2025-01-01T07:13:33;23;24;24;24;175;199;199;200;200;0.58;18.53;46;88261;
25940;2025-01-01T07:14:35;22;23;23;23;165;187;188;188;188;0.56;18.71;46;88268;
25941;2025-01-01T07:15:38;22;23;23;24;160;183;184;184;184;0.59;18.7;47;88262;
25942;2025-01-01T07:16:40;17;18;19;19;124;142;143;144;144;0.58;18.77;46;88266;
25943;2025-01-01T07:17:42;12;12;13;13;85;97;98;98;98;0.58;19.01;45;88267;
25944;2025-01-01T07:18:44;15;16;18;18;107;124;125;126;126;0.62;19.18;46;88273;
25945;2025-01-01T07:19:46;14;16;18;19;98;115;118;118;118;0.63;19.25;45;88272;
25946;2025-01-01T07:20:48;16;18;19;19;114;132;134;134;134;0.6;19.22;46;88279;
25947;2025-01-01T07:21:51;16;16;17;17;115;132;132;133;133;0.57;19.44;45;88282;
25948;2025-01-01T07:22:53;15;16;17;18;111;128;129;130;130;0.61;19.63;45;88290;
25949;2025-01-01T07:23:55;15;15;16;16;108;123;124;124;124;0.61;19.8;45;88288;
25950;2025-01-01T07:24:57;14;15;15;15;101;116;117;117;117;0.59;19.91;44;88287;
25951;2025-01-01T07:25:59;12;12;13;13;85;97;98;98;98;0.61;19.93;45;88290;
25952;2025-01-01T07:27:01;10;10;10;11;70;80;81;81;81;0.61;20.02;45;88292;
25953;2025-01-01T07:28:04;12;12;13;13;89;101;101;102;102;0.57;20.23;45;88294;
25954;2025-01-01T07:29:06;12;12;13;13;89;102;102;102;102;0.58;20.35;46;88296;
25955;2025-01-01T07:30:08;15;16;16;16;112;128;129;129;129;0.59;20.48;44;88291;
25956;2025-01-01T07:31:10;16;17;17;17;121;137;138;138;138;0.57;20.62;45;88291;
25957;2025-01-01T07:32:12;18;19;19;20;138;157;157;157;158;0.58;20.73;44;88300;
25958;2025-01-01T07:33:14;22;22;22;22;164;186;187;187;187;0.55;20.9;43;88303;
25959;2025-01-01T07:34:17;17;18;18;18;130;147;148;148;148;0.58;20.96;44;88300;
25960;2025-01-01T07:35:19;22;22;22;22;164;186;187;187;187;0.56;21.11;44;88297;
25961;2025-01-01T07:36:21;19;20;20;20;145;165;165;165;165;0.57;21.05;44;88302;
25962;2025-01-01T07:37:23;23;23;23;24;168;192;192;192;192;0.59;21.3;44;88310;
25963;2025-01-01T07:38:25;24;24;24;24;178;202;203;203;203;0.56;21.49;43;88303;
25964;2025-01-01T07:39:27;25;25;25;25;186;211;211;211;211;0.53;21.68;43;88300;
25965;2025-01-01T07:40:30;28;29;29;29;214;242;243;243;243;0.53;21.81;43;88301;
25966;2025-01-01T07:41:32;41;49;55;57;288;339;347;348;348;0.65;21.9;43;88306;
25967;2025-01-01T07:42:34;27;30;31;32;201;231;234;234;234;0.57;22.0;42;88307;
25968;2025-01-01T07:43:36;22;23;23;23;168;191;191;191;191;0.56;22.14;42;88310;
25969;2025-01-01T07:44:38;32;33;33;33;239;271;272;272;272;0.57;22.23;42;88315;
25970;2025-01-01T07:45:40;26;26;26;26;192;217;218;218;218;0.53;22.42;42;88318;
25971;2025-01-01T07:46:43;22;23;23;23;168;190;191;191;191;0.53;22.5;43;88314;
25972;2025-01-01T07:47:45;24;28;30;31;166;195;199;200;200;0.62;22.7;43;88323;
25973;2025-01-01T07:48:47;20;22;22;22;150;172;173;173;173;0.56;22.83;43;88329;
25974;2025-01-01T07:49:49;27;27;28;28;201;229;229;229;229;0.56;22.85;41;88324;
25975;2025-01-01T07:50:51;31;32;32;32;234;266;267;267;267;0.52;22.95;41;88324;
25976;2025-01-01T07:51:54;24;25;25;25;183;208;208;208;208;0.52;23.12;40;88318;
25977;2025-01-01T07:52:56;20;20;20;20;147;167;167;167;167;0.55;23.26;42;88330;
25978;2025-01-01T07:53:58;18;18;18;18;133;150;151;151;151;0.55;23.37;42;88329;
25979;2025-01-01T07:55:00;16;16;16;16;120;136;136;136;136;0.56;23.45;42;88326;
25980;2025-01-01T07:56:02;15;15;15;15;110;125;125;125;125;0.55;23.52;43;88326;
25981;2025-01-01T07:57:04;13;14;14;14;101;114;115;115;115;0.57;23.62;42;88324;
25982;2025-01-01T07:58:07;14;14;14;14;103;116;117;117;117;0.57;23.64;42;88324;
25983;2025-01-01T07:59:09;13;14;14;14;100;113;114;114;114;0.53;23.75;42;88331;
25984;2025-01-01T08:00:11;14;14;14;14;104;118;118;118;118;0.54;23.71;42;88331;
25985;2025-01-01T08:01:13;13;14;14;14;101;114;114;114;114;0.53;23.91;42;88332;
25986;2025-01-01T08:02:15;14;14;14;14;105;119;119;119;119;0.54;24.1;42;88331;
25987;2025-01-01T08:03:17;15;15;15;15;113;128;129;129;129;0.51;24.12;41;88335;
25988;2025-01-01T08:04:20;14;14;14;14;106;120;121;121;121;0.54;23.92;42;88334;
25989;2025-01-01T08:05:22;13;14;14;14;101;114;115;115;115;0.55;24.05;42;88340;
25990;2025-01-01T08:06:24;33;34;34;34;248;281;282;282;282;0.51;24.25;42;88333;
25991;2025-01-01T08:07:26;15;15;15;15;110;125;125;125;125;0.52;23.69;43;88333;
25992;2025-01-01T08:08:28;13;14;14;14;100;113;113;113;113;0.55;23.37;43;88339;
25993;2025-01-01T08:09:30;13;13;13;13;96;109;110;110;110;0.58;23.86;44;88336;
25994;2025-01-01T08:10:33;14;15;15;15;106;121;121;121;121;0.56;24.04;43;88339;
25995;2025-01-01T08:11:35;14;15;15;15;108;123;123;123;123;0.55;24.36;42;88347;
25996;2025-01-01T08:12:37;14;14;14;14;105;120;120;120;120;0.55;24.09;42;88336;
25997;2025-01-01T08:13:39;14;14;14;14;103;117;117;117;117;0.53;24.24;42;88345;
25998;2025-01-01T08:14:41;14;14;14;14;105;119;119;119;119;0.55;24.31;41;88339;
25999;2025-01-01T08:15:44;14;14;14;14;104;118;118;118;118;0.54;24.51;41;88338;
26000;2025-01-01T08:16:46;15;16;16;16;115;131;131;131;131;0.54;24.61;41;88341;
26001;2025-01-01T08:17:48;15;15;15;15;110;125;126;126;126;0.55;24.36;41;88341;
26002;2025-01-01T08:18:50;13;14;14;14;100;113;113;113;113;0.56;24.49;41;88343;
26003;2025-01-01T08:19:52;14;14;14;14;102;116;116;116;116;0.56;24.95;41;88343;
26004;2025-01-01T08:20:54;27;34;39;41;181;217;224;225;225;0.64;24.71;41;88346;
26005;2025-01-01T08:21:57;22;32;40;42;136;172;182;183;183;0.68;24.42;41;88344;
26006;2025-01-01T08:22:59;16;17;19;19;113;131;132;133;133;0.61;24.19;43;88344;
26007;2025-01-01T08:24:01;16;16;16;16;118;134;134;134;134;0.56;23.99;43;88345;
26008;2025-01-01T08:25:03;16;16;16;16;119;136;136;136;136;0.57;23.65;43;88344;
26009;2025-01-01T08:26:05;15;15;15;15;112;127;128;128;128;0.57;23.71;44;88358;
26010;2025-01-01T08:27:07;14;15;15;15;108;123;123;123;123;0.55;23.37;44;88353;
26011;2025-01-01T08:28:10;15;15;15;15;111;126;127;127;127;0.54;23.3;45;88350;
26012;2025-01-01T08:29:12;16;17;17;17;122;138;138;138;138;0.54;23.6;43;88345;
26013;2025-01-01T08:30:14;15;15;15;15;114;129;130;130;130;0.53;23.62;44;88345;
26014;2025-01-01T08:31:16;15;15;15;15;110;125;125;125;125;0.55;23.59;44;88351;
26015;2025-01-01T08:32:18;16;16;16;16;116;132;132;132;132;0.57;23.65;43;88347;
26016;2025-01-01T08:33:20;18;19;20;20;129;149;150;150;151;0.59;23.44;43;88353;
26017;2025-01-01T08:34:23;14;15;15;15;107;122;122;122;122;0.56;23.29;44;88355;
26018;2025-01-01T08:35:25;13;14;14;14;101;115;115;115;115;0.55;22.95;43;88353;
26019;2025-01-01T08:36:27;14;14;14;14;102;116;116;116;116;0.54;23.07;43;88350;
26020;2025-01-01T08:37:29;13;13;13;13;98;112;112;112;112;0.55;22.93;43;88356;
26021;2025-01-01T08:38:31;13;13;13;13;98;112;112;112;112;0.53;22.95;43;88359;
26022;2025-01-01T08:39:34;13;13;13;13;98;111;111;111;111;0.55;23.22;42;88360;
26023;2025-01-01T08:40:36;13;14;14;14;98;112;112;112;112;0.57;23.17;42;88354;
26024;2025-01-01T08:41:38;24;25;26;26;178;204;205;205;205;0.57;23.52;42;88364;
26025;2025-01-01T08:42:40;18;18;18;18;135;153;153;153;153;0.55;23.75;41;88358;
26026;2025-01-01T08:43:42;14;14;14;14;105;119;119;119;119;0.56;23.9;41;88354;
26027;2025-01-01T08:44:44;13;13;13;13;95;107;108;108;108;0.55;23.68;41;88357;
26028;2025-01-01T08:45:47;14;14;14;14;105;119;120;120;120;0.56;24.2;39;88361;
26029;2025-01-01T08:46:49;16;17;17;17;122;140;140;140;140;0.54;23.68;38;88354;
26030;2025-01-01T08:47:51;12;13;13;13;93;106;106;106;106;0.56;23.42;39;88365;
26031;2025-01-01T08:48:53;12;12;12;12;89;102;102;102;102;0.55;23.41;39;88361;
26032;2025-01-01T08:49:55;14;14;14;14;104;118;118;118;118;0.56;23.61;40;88360;
26033;2025-01-01T08:50:57;16;16;17;17;115;132;132;133;133;0.58;23.98;39;88358;
26034;2025-01-01T08:52:00;13;14;14;14;96;109;110;110;110;0.57;24.24;38;88356;
26035;2025-01-01T08:53:02;11;12;12;12;84;95;96;96;96;0.58;23.98;38;88350;
26036;2025-01-01T08:54:04;11;11;11;11;83;94;94;94;94;0.56;24.25;38;88357;
26037;2025-01-01T08:55:06;10;10;10;10;72;82;82;82;82;0.55;23.84;39;88359;
26038;2025-01-01T08:56:08;11;12;12;12;85;97;97;97;97;0.54;23.95;38;88354;
26039;2025-01-01T08:57:11;8;9;9;9;63;72;72;72;72;0.54;23.64;38;88348;
26040;2025-01-01T08:58:13;9;9;9;9;68;77;77;77;77;0.56;23.91;38;88359;
26041;2025-01-01T08:59:15;9;9;9;9;64;73;74;74;74;0.58;23.8;38;88360;
26042;2025-01-01T09:00:17;9;9;9;9;64;73;73;73;73;0.6;23.86;39;88363;
26043;2025-01-01T09:01:19;10;10;11;11;72;83;83;83;83;0.6;23.74;38;88360;
26044;2025-01-01T09:02:21;10;10;10;10;72;82;83;83;83;0.58;24.14;38;88356;
26045;2025-01-01T09:03:23;9;9;9;9;64;73;74;74;74;0.59;24.28;38;88351;
26046;2025-01-01T09:04:26;9;10;10;10;69;78;79;79;79;0.59;24.08;38;88356;
26047;2025-01-01T09:05:28;8;8;8;8;58;66;66;66;66;0.6;24.12;38;88351;
26048;2025-01-01T09:06:30;8;9;9;9;63;71;72;72;72;0.58;24.15;38;88350;
26049;2025-01-01T09:07:32;9;10;10;10;70;79;80;80;80;0.59;24.35;37;88359;
26050;2025-01-01T09:08:34;9;9;9;9;65;73;74;74;74;0.58;24.45;36;88358;
26051;2025-01-01T09:09:37;7;8;8;8;55;62;63;63;63;0.58;24.49;36;88357;
26052;2025-01-01T09:10:39;7;8;8;8;54;61;62;62;62;0.59;24.56;35;88361;
26053;2025-01-01T09:11:41;6;7;7;7;46;53;53;53;53;0.58;24.78;36;88362;
26054;2025-01-01T09:12:43;7;7;8;8;51;58;59;59;59;0.62;24.47;36;88354;
26055;2025-01-01T09:13:45;7;8;8;8;54;61;62;62;62;0.6;25.2;36;88361;
26056;2025-01-01T09:14:47;7;8;8;8;55;63;63;63;63;0.6;25.46;35;88360;
26057;2025-01-01T09:15:50;8;9;9;9;60;69;69;69;69;0.58;25.46;35;88363;
26058;2025-01-01T09:16:52;8;8;8;8;57;65;65;65;65;0.56;25.2;35;88361;
26059;2025-01-01T09:17:54;8;8;8;8;60;69;69;69;69;0.56;24.63;38;88365;
26060;2025-01-01T09:18:56;11;11;11;11;80;90;91;91;91;0.54;25.85;39;88357;
26061;2025-01-01T09:19:58;8;8;8;8;61;70;70;70;70;0.54;25.86;37;88365;
26062;2025-01-01T09:21:00;8;8;8;8;62;70;70;70;70;0.55;26.24;37;88360;
26063;2025-01-01T09:22:03;8;8;8;8;61;70;70;70;70;0.55;25.63;37;88362;
26064;2025-01-01T09:23:05;7;7;7;7;53;60;60;60;60;0.57;24.74;39;88362;
26065;2025-01-01T09:24:07;8;8;8;8;58;66;66;66;66;0.58;24.77;39;88355;
26066;2025-01-01T09:25:09;8;8;8;8;57;64;65;65;65;0.56;25.22;39;88356;
26067;2025-01-01T09:26:11;7;7;7;7;53;60;61;61;61;0.53;25.08;38;88360;
26068;2025-01-01T09:27:13;7;7;7;7;54;62;62;62;62;0.53;25.1;38;88363;
26069;2025-01-01T09:28:16;8;8;8;8;57;64;64;64;64;0.54;24.97;40;88361;
26070;2025-01-01T09:29:18;8;8;8;8;57;65;65;65;65;0.54;24.68;40;88363;
26071;2025-01-01T09:30:20;7;7;7;7;53;60;60;60;60;0.55;24.57;41;88349;
26072;2025-01-01T09:31:22;8;8;8;8;59;67;67;67;67;0.56;25.05;40;88357;
26073;2025-01-01T09:32:24;8;8;8;8;60;68;68;68;68;0.56;25.13;41;88356;
26074;2025-01-01T09:33:26;9;10;10;10;70;80;80;80;80;0.53;25.35;41;88363;
26075;2025-01-01T09:34:29;8;9;9;9;63;71;72;72;72;0.54;25.82;39;88361;
26076;2025-01-01T09:35:31;8;9;9;9;62;71;71;71;71;0.57;25.26;40;88359;
26077;2025-01-01T09:36:33;8;8;8;8;60;68;68;68;68;0.56;25.69;40;88360;
26078;2025-01-01T09:37:35;8;8;8;8;59;66;67;67;67;0.55;25.73;39;88357;
26079;2025-01-01T09:38:37;43;44;44;44;322;365;366;366;366;0.53;24.97;39;88354;
26080;2025-01-01T09:39:39;29;29;29;29;215;244;244;244;244;0.5;24.89;39;88353;
26081;2025-01-01T09:40:42;8;8;8;8;58;66;67;67;67;0.51;25.24;39;88345;
26082;2025-01-01T09:41:44;9;9;9;9;68;77;78;78;78;0.52;25.4;39;88345;
26083;2025-01-01T09:42:46;8;8;8;8;59;67;67;67;67;0.54;25.02;39;88347;
26084;2025-01-01T09:43:48;9;10;10;10;71;80;80;80;80;0.56;25.12;39;88344;
26085;2025-01-01T09:44:50;8;8;8;8;57;64;65;65;65;0.56;25.41;40;88337;
26086;2025-01-01T09:45:52;7;8;8;8;56;63;64;64;64;0.56;24.95;40;88340;
26087;2025-01-01T09:46:55;8;8;8;8;58;66;66;66;66;0.59;25.07;41;88353;
26088;2025-01-01T09:47:57;8;8;8;8;56;64;65;65;65;0.56;25.89;40;88344;
26089;2025-01-01T09:48:59;8;8;8;8;58;65;66;66;66;0.55;26.52;39;88345;
26090;2025-01-01T09:50:01;8;8;8;8;58;66;66;66;66;0.56;26.72;38;88335;
26091;2025-01-01T09:51:03;8;8;8;8;57;65;65;65;65;0.58;25.38;39;88340;
26092;2025-01-01T09:52:05;8;8;8;8;57;65;65;65;66;0.57;25.71;38;88341;
26093;2025-01-01T09:53:08;7;8;8;8;56;64;64;64;64;0.54;26.51;37;88338;
26094;2025-01-01T09:54:10;7;8;8;8;56;63;63;63;63;0.54;26.06;38;88330;
26095;2025-01-01T09:55:12;7;7;7;7;55;62;62;62;62;0.55;25.63;39;88345;
26096;2025-01-01T09:56:14;8;8;8;8;57;65;65;65;65;0.55;25.95;39;88338;
26097;2025-01-01T09:57:16;47;48;48;48;351;398;399;399;399;0.5;25.74;39;88339;
26098;2025-01-01T09:58:18;8;8;8;8;58;66;66;66;66;0.51;25.88;39;88342;
26099;2025-01-01T09:59:21;7;8;8;8;56;64;64;64;64;0.51;26.16;39;88341;
26100;2025-01-01T10:00:23;7;7;7;7;55;62;62;62;62;0.53;24.97;40;88328;
26101;2025-01-01T10:01:25;7;7;7;7;51;58;58;58;58;0.54;26.1;40;88338;
26102;2025-01-01T10:02:27;7;7;7;7;49;56;56;56;56;0.55;25.79;40;88341;
26103;2025-01-01T10:03:29;7;7;7;7;53;60;60;60;60;0.55;25.54;41;88338;
26104;2025-01-01T10:04:31;7;7;7;7;53;60;60;60;60;0.57;26.39;40;88338;
26105;2025-01-01T10:05:34;7;8;8;8;56;63;63;63;63;0.57;25.87;40;88339;
26106;2025-01-01T10:06:36;7;7;7;7;53;61;61;61;61;0.56;25.91;40;88336;
26107;2025-01-01T10:07:38;7;7;7;7;52;59;59;59;59;0.57;25.95;40;88331;
26108;2025-01-01T10:08:40;7;7;7;7;51;58;58;58;58;0.55;26.39;41;88337;
26109;2025-01-01T10:09:42;7;7;7;7;53;61;61;61;61;0.55;27.08;39;88337;
26110;2025-01-01T10:10:44;7;7;8;8;54;61;61;61;61;0.57;25.53;40;88339;
26111;2025-01-01T10:11:47;7;7;7;7;49;56;56;56;56;0.55;25.66;41;88333;
26112;2025-01-01T10:12:49;7;8;8;8;55;63;63;63;63;0.56;26.11;41;88337;
26113;2025-01-01T10:13:51;8;8;9;9;57;65;66;66;66;0.58;26.11;41;88329;
26114;2025-01-01T10:14:53;8;8;8;9;56;64;65;65;65;0.57;26.32;40;88334;
26115;2025-01-01T10:15:55;6;7;7;7;48;55;55;55;55;0.56;26.68;40;88329;
26116;2025-01-01T10:16:57;7;7;7;7;54;62;62;62;62;0.57;26.77;39;88326;
26117;2025-01-01T10:18:00;7;7;7;7;51;58;58;58;58;0.57;26.87;38;88324;
26118;2025-01-01T10:19:02;6;6;6;6;48;54;54;54;54;0.56;26.71;39;88328;
26119;2025-01-01T10:20:04;7;7;7;7;52;59;59;59;59;0.55;26.11;40;88323;
26120;2025-01-01T10:21:06;7;7;7;7;50;57;57;57;57;0.55;26.21;41;88324;
26121;2025-01-01T10:22:08;7;7;7;7;54;61;61;61;61;0.56;26.56;39;88327;
26122;2025-01-01T10:23:10;7;7;7;7;54;62;62;62;62;0.55;26.85;39;88323;
26123;2025-01-01T10:24:13;7;7;7;7;55;62;62;62;62;0.52;27.1;40;88328;
26124;2025-01-01T10:25:15;7;7;7;7;53;60;60;60;60;0.54;26.79;40;88318;
26125;2025-01-01T10:26:17;7;7;7;7;50;57;57;57;57;0.54;26.72;38;88319;
26126;2025-01-01T10:27:19;7;7;7;7;51;58;58;58;58;0.56;26.83;39;88317;
26127;2025-01-01T10:28:21;7;7;7;7;50;57;57;57;57;0.58;25.87;41;88309;
26128;2025-01-01T10:29:23;6;7;7;7;48;55;55;55;55;0.57;26.6;40;88318;
26129;2025-01-01T10:30:26;7;7;7;7;50;58;58;58;58;0.57;26.02;41;88324;
26130;2025-01-01T10:31:28;7;7;7;7;50;57;57;57;57;0.56;26.64;41;88307;
26131;2025-01-01T10:32:30;6;6;6;6;46;52;52;52;52;0.55;25.99;41;88308;
26132;2025-01-01T10:33:32;7;7;7;7;50;56;56;56;56;0.55;26.62;39;88316;
26133;2025-01-01T10:34:34;6;6;6;6;45;51;51;51;51;0.55;26.62;40;88308;
26134;2025-01-01T10:35:36;6;6;6;6;45;51;51;51;51;0.57;26.55;40;88304;
26135;2025-01-01T10:36:39;7;7;7;7;50;56;57;57;57;0.58;26.57;41;88314;
26136;2025-01-01T10:37:41;6;7;7;7;49;55;55;55;55;0.57;26.82;38;88308;
26137;2025-01-01T10:38:43;6;7;7;7;48;54;55;55;55;0.6;26.8;38;88309;
26138;2025-01-01T10:39:45;6;6;7;7;46;52;53;53;53;0.61;27.43;38;88306;
26139;2025-01-01T10:40:47;7;7;7;7;49;56;56;56;56;0.58;27.66;39;88298;
26140;2025-01-01T10:41:49;7;7;7;7;52;60;60;60;60;0.57;27.7;39;88300;
26141;2025-01-01T10:42:52;7;7;7;7;53;60;61;61;61;0.54;27.09;37;88300;
26142;2025-01-01T10:43:54;6;6;6;6;46;52;52;52;52;0.56;26.87;40;88294;
26143;2025-01-01T10:44:56;8;8;8;8;56;64;64;64;64;0.58;27.04;39;88298;
26144;2025-01-01T10:45:58;6;7;7;7;46;53;53;53;53;0.58;27.45;37;88301;
26145;2025-01-01T10:47:00;7;7;7;7;50;57;58;58;58;0.59;27.17;37;88301;
26146;2025-01-01T10:48:02;6;7;7;7;48;55;55;55;55;0.56;27.46;38;88294;
26147;2025-01-01T10:49:05;7;7;7;7;50;56;57;57;57;0.55;27.65;37;88286;
26148;2025-01-01T10:50:07;7;7;7;7;50;56;56;56;56;0.55;27.1;37;88285;
26149;2025-01-01T10:51:09;6;7;7;7;48;55;55;55;55;0.56;26.65;38;88285;
26150;2025-01-01T10:52:11;7;7;7;7;50;57;57;57;57;0.53;27.2;38;88291;
26151;2025-01-01T10:53:13;7;7;7;7;54;61;61;61;61;0.55;27.57;37;88288;
26152;2025-01-01T10:54:15;7;7;8;8;53;60;60;60;60;0.57;27.35;38;88268;
26153;2025-01-01T10:55:18;5;6;6;6;40;46;46;46;46;0.58;27.16;38;88266;
26154;2025-01-01T10:56:20;6;7;7;7;47;54;54;54;54;0.57;27.36;37;88277;
26155;2025-01-01T10:57:22;6;6;6;6;48;54;54;54;54;0.56;28.41;36;88278;
26156;2025-01-01T10:58:24;6;7;7;7;48;54;55;55;55;0.55;28.02;36;88283;
26157;2025-01-01T10:59:26;6;6;6;6;48;54;54;54;54;0.55;28.05;36;88266;
26158;2025-01-01T11:00:28;7;7;7;7;50;56;57;57;57;0.53;27.68;37;88271;
26159;2025-01-01T11:01:31;6;6;6;6;48;54;54;54;54;0.56;27.94;36;88269;
26160;2025-01-01T11:02:33;7;7;7;7;49;56;56;56;56;0.56;27.61;36;88259;
26161;2025-01-01T11:03:35;7;7;7;7;49;56;56;56;56;0.56;27.87;37;88267;
26162;2025-01-01T11:04:37;6;6;6;6;46;53;53;53;53;0.55;28.16;37;88258;
26163;2025-01-01T11:05:39;7;7;7;7;51;58;58;58;58;0.54;27.88;35;88258;
26164;2025-01-01T11:06:42;7;7;7;7;54;62;62;62;62;0.54;28.41;35;88253;
26165;2025-01-01T11:07:44;7;7;7;7;51;58;58;58;58;0.54;27.95;36;88245;
26166;2025-01-01T11:08:46;7;7;7;7;51;58;59;59;59;0.56;27.15;37;88248;
26167;2025-01-01T11:09:48;6;6;6;6;44;50;50;50;50;0.56;27.64;36;88247;
26168;2025-01-01T11:10:50;6;7;7;7;48;55;55;55;55;0.58;28.2;35;88237;
26169;2025-01-01T11:11:52;7;7;8;8;52;59;60;60;60;0.6;27.94;35;88239;
26170;2025-01-01T11:12:55;6;6;6;6;42;48;48;48;48;0.6;27.3;36;88241;
26171;2025-01-01T11:13:57;6;7;7;7;47;53;54;54;54;0.62;28.31;36;88242;
26172;2025-01-01T11:14:59;6;7;7;7;46;53;53;53;53;0.62;27.37;36;88241;
26173;2025-01-01T11:16:01;6;6;6;6;43;50;50;50;50;0.61;27.64;36;88241;
26174;2025-01-01T11:17:03;6;6;6;6;45;51;52;52;52;0.56;27.21;37;88241;
26175;2025-01-01T11:18:05;6;6;6;6;47;54;54;54;54;0.57;27.06;37;88225;
26176;2025-01-01T11:19:08;6;6;6;7;47;53;53;53;53;0.57;27.81;35;88218;
26177;2025-01-01T11:20:10;6;6;6;6;47;53;53;53;53;0.58;27.93;35;88232;
26178;2025-01-01T11:21:12;6;6;6;6;44;50;51;51;51;0.59;27.84;36;88230;
26179;2025-01-01T11:22:14;6;6;6;6;45;51;51;52;52;0.59;27.23;36;88230;
26180;2025-01-01T11:23:16;6;6;7;7;46;52;52;52;52;0.58;27.91;36;88229;
26181;2025-01-01T11:24:18;6;6;6;6;47;53;53;53;53;0.57;28.27;35;88233;
26182;2025-01-01T11:25:20;8;8;9;9;60;68;68;68;68;0.58;28.42;35;88229;
26183;2025-01-01T11:26:23;6;7;7;7;46;53;54;54;54;0.6;28.2;35;88226;
26184;2025-01-01T11:27:25;6;6;7;7;45;52;52;52;52;0.6;28.1;35;88216;
26185;2025-01-01T11:28:27;9;9;10;10;64;74;74;74;74;0.6;28.05;35;88219;
26186;2025-01-01T11:29:29;8;9;9;9;56;65;66;66;66;0.62;28.38;34;88221;
26187;2025-01-01T11:30:31;6;7;7;7;47;54;55;55;55;0.58;28.61;34;88215;
26188;2025-01-01T11:31:34;7;7;7;7;50;57;57;57;57;0.6;28.84;33;88217;
26189;2025-01-01T11:32:36;7;7;7;8;50;58;58;58;58;0.6;28.63;34;88209;
26190;2025-01-01T11:33:38;6;7;7;7;47;54;54;54;54;0.58;29.12;35;88202;
26191;2025-01-01T11:34:40;6;7;7;7;47;54;54;54;54;0.6;27.97;35;88205;
26192;2025-01-01T11:35:42;6;6;7;7;45;52;52;52;52;0.58;27.65;35;88204;
26193;2025-01-01T11:36:44;6;6;6;6;45;51;51;51;51;0.59;27.65;35;88207;
26194;2025-01-01T11:37:47;6;6;6;6;44;50;50;50;50;0.56;28.62;34;88202;
26195;2025-01-01T11:38:49;7;7;7;7;49;55;56;56;56;0.54;28.81;33;88202;
26196;2025-01-01T11:39:51;6;7;7;7;48;55;55;55;55;0.53;27.87;33;88197;
26197;2025-01-01T11:40:53;6;6;6;6;45;51;51;51;51;0.54;28.6;34;88200;
26198;2025-01-01T11:41:55;6;6;6;6;41;47;47;47;47;0.57;28.65;34;88201;
26199;2025-01-01T11:42:57;6;6;6;6;47;53;54;54;54;0.56;28.38;33;88193;
26200;2025-01-01T11:44:00;6;6;6;6;45;51;51;51;51;0.55;28.57;33;88187;
26201;2025-01-01T11:45:02;209;214;214;214;1569;1781;1785;1785;1785;0.54;27.64;34;88181;
26202;2025-01-01T11:46:04;13;13;13;13;99;113;113;113;113;0.49;28.34;34;88188;
26203;2025-01-01T11:47:06;9;9;9;9;66;74;75;75;75;0.48;28.93;34;88189;
26204;2025-01-01T11:48:08;7;7;7;7;49;55;56;56;56;0.49;28.35;35;88192;
26205;2025-01-01T11:49:10;6;6;6;6;46;53;53;53;53;0.51;28.09;34;88175;
26206;2025-01-01T11:50:13;6;7;7;7;49;55;55;55;55;0.55;27.78;34;88181;
26207;2025-01-01T11:51:15;6;6;6;6;47;53;53;53;53;0.53;28.33;35;88171;
26208;2025-01-01T11:52:17;6;6;6;6;45;51;51;51;51;0.55;28.22;34;88180;
26209;2025-01-01T11:53:19;6;6;6;6;43;49;49;49;49;0.56;28.84;34;88173;
26210;2025-01-01T11:54:21;7;7;7;7;49;56;56;56;56;0.57;28.91;34;88167;
26211;2025-01-01T11:55:23;8;8;8;8;61;70;70;70;70;0.57;28.0;34;88168;
26212;2025-01-01T11:56:26;6;7;7;7;48;54;54;54;54;0.56;28.78;33;88165;
26213;2025-01-01T11:57:28;6;6;6;6;47;54;54;54;54;0.56;28.27;33;88165;
26214;2025-01-01T11:58:30;6;6;6;6;43;49;50;50;50;0.57;28.82;34;88168;
26215;2025-01-01T11:59:32;6;7;7;7;48;55;55;55;55;0.59;28.46;34;88169;
26216;2025-01-01T12:00:34;7;7;7;7;51;58;58;58;58;0.57;28.99;34;88156;
26217;2025-01-01T12:01:36;6;6;6;6;46;52;52;52;52;0.57;28.16;35;88152;
26218;2025-01-01T12:02:39;6;6;6;6;45;51;51;51;51;0.58;28.16;34;88152;
26219;2025-01-01T12:03:41;7;8;8;8;53;60;61;61;61;0.59;29.09;35;88165;
26220;2025-01-01T12:04:43;6;7;8;8;47;54;55;55;55;0.59;28.25;35;88154;
26221;2025-01-01T12:05:45;6;7;8;8;47;54;55;55;55;0.58;29.04;34;88155;
26222;2025-01-01T12:06:47;7;8;8;8;51;59;59;59;59;0.58;29.05;34;88156;
26223;2025-01-01T12:07:49;6;6;6;7;45;52;52;52;52;0.57;28.77;35;88147;
26224;2025-01-01T12:08:52;6;6;6;6;46;52;52;52;52;0.56;28.48;34;88151;
26225;2025-01-01T12:09:54;7;7;7;7;51;58;58;58;58;0.55;28.09;35;88138;
26226;2025-01-01T12:10:56;6;6;6;6;46;52;52;52;52;0.54;28.71;35;88147;
26227;2025-01-01T12:11:58;19;19;19;19;143;162;162;162;162;0.48;28.72;34;88151;
26228;2025-01-01T12:13:00;6;6;6;6;46;52;52;52;52;0.49;29.09;33;88151;
26229;2025-01-01T12:14:03;6;6;6;6;46;52;52;52;52;0.51;28.85;33;88147;
26230;2025-01-01T12:15:05;6;6;6;6;47;53;53;53;53;0.53;28.45;34;88143;
26231;2025-01-01T12:16:07;6;6;6;6;46;52;52;52;52;0.55;29.0;32;88138;
26232;2025-01-01T12:17:09;6;6;7;7;47;53;54;54;54;0.57;28.58;33;88137;
26233;2025-01-01T12:18:11;7;7;7;7;50;57;57;57;57;0.58;29.26;33;88142;
26234;2025-01-01T12:19:13;6;6;6;6;45;52;52;52;52;0.58;28.63;34;88127;
26235;2025-01-01T12:20:16;6;6;6;6;43;50;50;50;50;0.57;27.82;35;88130;
26236;2025-01-01T12:21:18;6;6;6;6;43;48;49;49;49;0.58;29.27;30;88129;
26237;2025-01-01T12:22:20;5;6;6;6;40;45;46;46;46;0.56;29.37;31;88122;
26238;2025-01-01T12:23:22;6;6;6;6;46;52;52;52;52;0.55;29.36;34;88126;
26239;2025-01-01T12:24:24;6;6;6;6;47;53;53;53;53;0.55;29.29;33;88129;
26240;2025-01-01T12:25:26;6;7;7;7;48;55;55;55;55;0.54;29.75;33;88121;
26241;2025-01-01T12:26:29;7;7;7;7;49;56;56;56;56;0.53;29.79;32;88121;
26242;2025-01-01T12:27:31;6;6;6;6;46;52;52;52;52;0.54;29.73;32;88122;
26243;2025-01-01T12:28:33;6;6;6;6;47;54;54;54;54;0.56;29.3;32;88123;
26244;2025-01-01T12:29:35;6;6;6;6;42;47;48;48;48;0.57;28.88;34;88122;
26245;2025-01-01T12:30:37;6;6;6;6;42;48;48;48;48;0.57;29.78;33;88119;
26246;2025-01-01T12:31:39;6;6;6;6;44;50;50;50;50;0.55;30.21;30;88113;
26247;2025-01-01T12:32:42;6;6;6;6;48;54;54;54;54;0.55;30.08;31;88114;
26248;2025-01-01T12:33:44;6;6;6;6;44;50;50;50;50;0.56;29.72;31;88111;
26249;2025-01-01T12:34:46;7;7;7;7;53;61;61;61;61;0.58;30.13;29;88110;
26250;2025-01-01T12:35:48;6;6;6;6;45;51;51;51;51;0.58;30.16;29;88109;
26251;2025-01-01T12:36:50;7;7;7;7;52;59;59;59;59;0.58;29.85;30;88104;
26252;2025-01-01T12:37:52;7;7;7;7;51;59;59;59;59;0.58;29.9;31;88108;
26253;2025-01-01T12:38:55;7;7;7;7;51;58;58;58;58;0.58;28.89;30;88096;
26254;2025-01-01T12:39:57;6;6;6;6;42;48;48;48;48;0.56;29.71;31;88098;
26255;2025-01-01T12:40:59;6;6;6;6;44;50;50;50;50;0.59;29.25;29;88094;
26256;2025-01-01T12:42:01;6;6;6;6;44;50;51;51;51;0.58;29.27;30;88096;
26257;2025-01-01T12:43:03;6;6;6;6;46;52;52;52;52;0.58;29.13;31;88094;
26258;2025-01-01T12:44:05;6;6;6;6;43;49;50;50;50;0.56;29.02;30;88094;
26259;2025-01-01T12:45:08;6;6;6;6;44;50;50;50;50;0.56;29.08;29;88086;
26260;2025-01-01T12:46:10;6;6;6;6;47;53;53;53;53;0.55;29.97;28;88079;
26261;2025-01-01T12:47:12;6;6;6;6;44;50;50;50;50;0.55;28.95;27;88080;
26262;2025-01-01T12:48:14;5;5;5;5;38;43;43;43;43;0.55;28.85;28;88074;
26263;2025-01-01T12:49:16;6;6;7;7;44;50;51;51;51;0.58;29.02;26;88079;
26264;2025-01-01T12:50:18;6;6;6;6;43;49;49;49;49;0.55;29.09;27;88072;
26265;2025-01-01T12:51:21;11;11;11;11;84;96;96;96;96;0.52;29.5;28;88071;
26266;2025-01-01T12:52:23;6;6;6;6;47;53;53;53;53;0.51;29.49;28;88062;
26267;2025-01-01T12:53:25;6;6;6;6;43;49;49;49;49;0.54;30.25;25;88059;
26268;2025-01-01T12:54:27;5;5;5;5;40;45;46;46;46;0.56;30.8;24;88063;
26269;2025-01-01T12:55:29;5;5;5;5;39;44;44;44;44;0.57;30.79;24;88056;
26270;2025-01-01T12:56:31;6;6;6;6;42;48;48;48;48;0.54;30.22;26;88062;
26271;2025-01-01T12:57:34;5;5;5;5;40;45;46;46;46;0.55;29.73;27;88052;
26272;2025-01-01T12:58:36;6;6;6;6;42;47;47;47;47;0.56;30.29;26;88048;
26273;2025-01-01T12:59:38;5;5;5;5;40;45;46;46;46;0.55;30.21;26;88048;
26274;2025-01-01T13:00:40;5;5;5;5;38;43;43;43;43;0.55;30.53;26;88042;
26275;2025-01-01T13:01:42;6;6;6;6;44;50;50;50;50;0.58;29.58;25;88040;
26276;2025-01-01T13:02:45;5;6;6;6;40;46;46;46;46;0.57;29.66;24;88045;
26277;2025-01-01T13:03:47;6;6;6;6;44;50;50;50;50;0.57;29.4;27;88047;
26278;2025-01-01T13:04:49;6;6;6;6;42;48;48;48;48;0.58;29.71;24;88038;
26279;2025-01-01T13:05:51;6;6;6;6;42;48;48;48;48;0.57;29.27;26;88040;
26280;2025-01-01T13:06:53;6;6;6;6;42;48;48;48;48;0.55;28.89;26;88030;
26281;2025-01-01T13:07:55;5;5;5;5;40;46;46;46;46;0.53;29.43;26;88034;
26282;2025-01-01T13:08:58;6;6;6;6;43;48;48;48;48;0.56;29.14;24;88035;
26283;2025-01-01T13:10:00;5;5;5;5;37;42;42;42;42;0.55;29.49;23;88034;
26284;2025-01-01T13:11:02;6;6;6;6;42;48;48;48;48;0.55;29.82;24;88029;
26285;2025-01-01T13:12:04;6;6;6;6;42;48;48;48;48;0.55;30.32;23;88027;
26286;2025-01-01T13:13:06;5;5;5;5;40;45;45;45;45;0.56;29.6;21;88033;
26287;2025-01-01T13:14:08;5;6;6;6;41;46;46;46;46;0.56;29.92;24;88028;
26288;2025-01-01T13:15:11;5;6;6;6;41;46;47;47;47;0.58;30.25;26;88026;
26289;2025-01-01T13:16:13;5;6;6;6;40;46;46;46;46;0.58;30.6;25;88031;
26290;2025-01-01T13:17:15;5;6;6;6;40;46;46;46;46;0.59;29.5;20;88025;
26291;2025-01-01T13:18:17;5;5;5;5;39;44;44;44;44;0.57;30.36;22;88024;
26292;2025-01-01T13:19:19;6;6;6;6;42;48;48;48;48;0.57;29.23;21;88020;
26293;2025-01-01T13:20:21;6;6;6;6;41;47;47;47;47;0.56;29.37;21;88021;
26294;2025-01-01T13:21:24;5;6;6;6;41;46;47;47;47;0.56;29.03;23;88030;
26295;2025-01-01T13:22:26;5;5;5;5;38;43;43;43;43;0.56;28.7;21;88023;
26296;2025-01-01T13:23:28;5;6;6;6;41;46;47;47;47;0.56;29.32;22;88017;
26297;2025-01-01T13:24:30;6;7;7;7;47;54;54;54;54;0.57;29.77;23;88021;
26298;2025-01-01T13:25:32;5;5;5;5;40;46;46;46;46;0.54;30.0;23;88013;
26299;2025-01-01T13:26:34;6;6;6;6;43;49;49;49;49;0.53;30.36;21;88014;
26300;2025-01-01T13:27:37;6;6;6;6;42;48;48;48;48;0.55;30.07;22;88012;
26301;2025-01-01T13:28:39;6;6;6;6;44;50;51;51;51;0.53;30.05;21;88007;
26302;2025-01-01T13:29:41;6;7;7;7;49;55;55;55;55;0.53;29.75;22;88011;
26303;2025-01-01T13:30:43;6;6;6;6;43;49;49;49;49;0.52;28.92;21;88010;
26304;2025-01-01T13:31:45;6;6;6;6;43;49;49;49;49;0.51;29.99;22;88006;
26305;2025-01-01T13:32:47;6;6;6;6;44;50;50;50;50;0.5;30.38;23;88010;
26306;2025-01-01T13:33:50;6;6;6;6;43;49;49;49;49;0.5;30.03;21;88003;
26307;2025-01-01T13:34:52;6;6;6;6;43;48;49;49;49;0.51;29.48;21;88011;
26308;2025-01-01T13:35:54;6;6;6;6;48;54;54;54;54;0.51;29.67;20;88005;
26309;2025-01-01T13:36:56;6;6;6;6;46;53;53;53;53;0.53;29.33;22;88007;
26310;2025-01-01T13:37:58;6;6;6;6;47;53;53;53;53;0.54;29.7;21;88001;
26311;2025-01-01T13:39:00;6;6;6;6;47;54;54;54;54;0.55;29.39;24;88000;
26312;2025-01-01T13:40:03;6;6;6;6;47;53;53;53;53;0.57;29.8;23;88002;
26313;2025-01-01T13:41:05;6;7;7;7;48;55;55;55;55;0.59;30.21;23;88001;
26314;2025-01-01T13:42:07;6;7;7;7;48;55;55;55;55;0.54;30.37;21;87995;
26315;2025-01-01T13:43:09;6;7;7;7;48;55;55;55;55;0.54;30.67;22;87996;
26316;2025-01-01T13:44:11;7;8;8;8;56;63;63;63;63;0.53;29.35;22;87994;
26317;2025-01-01T13:45:13;6;6;6;6;45;51;52;52;52;0.55;29.23;21;87988;
26318;2025-01-01T13:46:16;7;7;7;7;50;57;57;57;57;0.55;30.2;21;87992;
26319;2025-01-01T13:47:18;7;7;7;7;54;62;62;62;62;0.54;30.57;21;87988;
26320;2025-01-01T13:48:20;7;7;7;7;53;61;61;61;61;0.59;30.64;21;87984;
26321;2025-01-01T13:49:22;6;7;7;7;47;54;54;54;54;0.59;30.54;21;87984;
26322;2025-01-01T13:50:24;6;6;6;6;46;53;53;53;53;0.56;30.23;20;87987;
26323;2025-01-01T13:51:27;6;6;6;6;45;51;51;51;51;0.55;30.16;20;87980;
26324;2025-01-01T13:52:29;6;6;6;6;43;49;49;49;49;0.54;30.63;23;87986;
26325;2025-01-01T13:53:31;6;6;6;6;42;48;48;48;48;0.53;30.83;21;87985;
26326;2025-01-01T13:54:33;6;6;6;6;42;48;48;48;48;0.53;29.94;22;87977;
26327;2025-01-01T13:55:35;6;6;6;6;44;50;50;50;50;0.53;30.45;22;87980;
26328;2025-01-01T13:56:37;5;6;6;6;41;47;47;47;47;0.54;29.95;23;87973;
26329;2025-01-01T13:57:40;6;6;6;6;45;51;51;51;51;0.56;30.7;23;87979;
26330;2025-01-01T13:58:42;6;6;6;6;45;51;51;51;51;0.57;30.94;22;87969;
26331;2025-01-01T13:59:44;6;6;6;6;45;51;51;51;51;0.58;30.11;21;87965;
26332;2025-01-01T14:00:46;6;6;6;6;42;47;48;48;48;0.6;29.96;23;87968;
26333;2025-01-01T14:01:48;5;6;6;6;41;46;47;47;47;0.6;30.58;22;87968;
26334;2025-01-01T14:02:50;6;7;7;7;46;53;53;53;53;0.58;30.76;22;87968;
26335;2025-01-01T14:03:53;6;6;6;6;43;49;49;49;49;0.58;30.15;22;87965;
26336;2025-01-01T14:04:55;6;6;7;7;44;51;51;52;52;0.57;29.8;22;87961;
26337;2025-01-01T14:05:57;6;6;6;6;41;47;47;47;47;0.56;29.04;22;87961;
26338;2025-01-01T14:06:59;5;6;6;6;41;46;46;46;46;0.56;29.3;22;87959;
26339;2025-01-01T14:08:01;6;6;6;6;42;47;47;47;47;0.56;30.34;22;87959;
26340;2025-01-01T14:09:03;6;6;6;6;42;48;48;48;48;0.57;29.97;22;87964;
26341;2025-01-01T14:10:06;6;6;6;6;46;52;52;52;52;0.57;30.41;23;87955;
26342;2025-01-01T14:11:08;6;6;6;6;43;48;49;49;49;0.57;30.58;22;87959;
26343;2025-01-01T14:12:10;6;6;7;7;46;52;52;52;52;0.57;30.45;21;87957;
26344;2025-01-01T14:13:12;6;7;7;7;48;55;55;55;55;0.57;30.84;22;87952;
26345;2025-01-01T14:14:14;10;11;11;11;77;87;88;88;88;0.55;30.38;22;87953;
26346;2025-01-01T14:15:17;6;6;6;6;46;52;52;52;52;0.56;30.31;22;87960;
26347;2025-01-01T14:16:19;5;5;5;5;38;43;43;43;43;0.55;30.08;21;87947;
26348;2025-01-01T14:17:21;5;5;5;5;37;42;42;42;42;0.56;29.89;21;87948;
26349;2025-01-01T14:18:23;6;6;6;6;43;49;49;49;49;0.56;30.56;22;87951;
26350;2025-01-01T14:19:25;6;6;6;6;44;50;50;50;50;0.56;29.92;21;87942;
26351;2025-01-01T14:20:27;5;5;5;5;38;43;43;43;43;0.56;29.8;22;87947;
26352;2025-01-01T14:21:30;16;16;16;16;117;132;133;133;133;0.56;30.31;22;87949;
26353;2025-01-01T14:22:32;9;10;10;10;71;80;81;81;81;0.55;30.72;22;87938;
26354;2025-01-01T14:23:34;6;6;7;7;43;49;50;50;50;0.57;30.91;21;87943;
26355;2025-01-01T14:24:36;6;7;8;8;45;52;53;53;53;0.58;31.21;21;87937;
26356;2025-01-01T14:25:38;6;6;6;6;42;48;48;48;48;0.56;29.99;21;87937;
26357;2025-01-01T14:26:40;5;5;5;5;37;42;42;42;42;0.53;29.55;21;87933;
26358;2025-01-01T14:27:43;5;6;6;6;41;47;47;47;47;0.53;30.0;22;87930;
26359;2025-01-01T14:28:45;6;6;6;6;43;49;49;49;49;0.56;30.58;22;87929;
26360;2025-01-01T14:29:47;5;5;5;5;39;44;44;44;44;0.56;30.61;21;87928;
26361;2025-01-01T14:30:49;8;8;8;8;58;66;67;67;67;0.58;30.63;21;87931;
26362;2025-01-01T14:31:51;7;7;8;8;48;56;57;57;57;0.6;31.04;21;87924;
26363;2025-01-01T14:32:53;6;6;6;6;40;46;47;47;47;0.57;31.07;21;87929;
26364;2025-01-01T14:33:56;6;6;6;6;41;48;48;48;48;0.57;31.12;21;87923;
26365;2025-01-01T14:34:58;6;7;7;7;43;50;51;51;51;0.59;31.27;21;87921;
26366;2025-01-01T14:36:00;6;6;7;7;42;48;49;49;49;0.59;31.5;21;87926;
26367;2025-01-01T14:37:02;5;6;6;6;38;44;44;44;44;0.6;31.65;20;87914;
26368;2025-01-01T14:38:04;5;6;6;6;40;46;46;46;46;0.59;31.36;20;87917;
26369;2025-01-01T14:39:06;5;5;5;5;36;42;42;42;42;0.59;30.73;22;87912;
26370;2025-01-01T14:40:09;5;5;6;6;38;44;44;44;44;0.6;30.45;20;87911;
26371;2025-01-01T14:41:11;5;5;5;6;37;43;43;43;43;0.58;31.07;21;87910;
26372;2025-01-01T14:42:13;5;5;6;6;39;45;45;45;45;0.57;31.08;20;87906;
26373;2025-01-01T14:43:15;5;5;5;5;35;40;40;40;40;0.56;31.26;19;87905;
26374;2025-01-01T14:44:17;6;6;6;6;42;47;47;47;47;0.57;30.51;19;87903;
26375;2025-01-01T14:45:19;5;5;5;6;39;44;45;45;45;0.56;30.71;20;87904;
26376;2025-01-01T14:46:22;5;5;5;5;40;46;46;46;46;0.55;31.08;20;87903;
26377;2025-01-01T14:47:24;6;6;6;6;42;48;48;48;48;0.53;31.36;20;87904;
26378;2025-01-01T14:48:26;6;6;6;6;42;48;48;48;48;0.56;31.62;20;87904;
26379;2025-01-01T14:49:28;6;6;6;6;42;48;48;48;48;0.54;31.79;19;87902;
26380;2025-01-01T14:50:30;5;5;5;6;37;43;43;43;43;0.57;31.75;19;87903;
26381;2025-01-01T14:51:32;5;5;5;5;37;42;43;43;43;0.58;30.62;19;87896;
26382;2025-01-01T14:52:35;5;5;6;6;38;44;44;44;44;0.58;31.19;19;87901;
26383;2025-01-01T14:53:37;5;5;5;5;36;41;41;41;41;0.54;31.53;18;87897;
26384;2025-01-01T14:54:39;5;5;5;5;38;43;43;43;43;0.55;29.65;19;87885;
26385;2025-01-01T14:55:41;5;5;5;5;35;39;39;39;39;0.56;29.78;20;87890;
26386;2025-01-01T14:56:43;5;5;5;5;37;42;42;43;43;0.56;30.06;20;87895;
26387;2025-01-01T14:57:46;5;6;6;6;40;46;46;46;46;0.57;30.66;20;87891;
26388;2025-01-01T14:58:48;5;5;5;5;36;41;41;41;41;0.58;31.11;21;87894;
26389;2025-01-01T14:59:50;5;5;5;5;38;43;43;43;43;0.57;31.45;20;87888;
26390;2025-01-01T15:00:52;5;5;5;5;37;42;42;42;42;0.56;31.62;19;87889;
26391;2025-01-01T15:01:54;5;5;5;5;36;41;42;42;42;0.58;31.64;18;87885;
26392;2025-01-01T15:02:56;5;5;5;5;35;40;40;40;40;0.56;30.57;19;87884;
26393;2025-01-01T15:03:59;5;5;5;5;39;44;44;44;44;0.55;31.38;19;87887;
26394;2025-01-01T15:05:01;5;5;5;5;37;42;42;42;42;0.55;31.72;19;87887;
26395;2025-01-01T15:06:03;5;5;5;5;37;42;42;42;42;0.52;32.03;21;87879;
26396;2025-01-01T15:07:05;5;5;5;5;35;40;40;40;40;0.53;32.23;19;87885;
26397;2025-01-01T15:08:07;5;5;5;5;34;39;39;39;39;0.56;32.33;19;87884;
26398;2025-01-01T15:09:09;5;5;5;5;35;40;40;40;40;0.57;32.49;19;87881;
26399;2025-01-01T15:10:12;5;5;5;5;34;39;39;39;39;0.58;32.11;19;87883;
26400;2025-01-01T15:11:14;5;5;5;5;35;40;40;40;40;0.56;30.54;20;87880;
26401;2025-01-01T15:12:16;5;5;5;5;38;43;43;43;43;0.57;30.46;20;87877;
26402;2025-01-01T15:13:18;5;5;5;5;35;39;40;40;40;0.55;30.43;20;87872;
26403;2025-01-01T15:14:20;5;5;5;5;36;41;41;41;41;0.56;29.66;20;87875;
26404;2025-01-01T15:15:23;5;5;6;6;40;46;46;46;46;0.56;29.9;20;87872;
26405;2025-01-01T15:16:25;5;5;5;5;36;41;41;41;41;0.55;30.0;20;87871;
26406;2025-01-01T15:17:27;5;5;5;5;36;40;41;41;41;0.56;30.5;20;87864;
26407;2025-01-01T15:18:29;6;6;6;6;44;50;50;50;50;0.58;30.57;20;87867;
26408;2025-01-01T15:19:31;5;5;5;5;38;43;44;44;44;0.59;29.99;21;87869;
26409;2025-01-01T15:20:33;5;5;5;5;36;40;41;41;41;0.57;30.17;20;87862;
26410;2025-01-01T15:21:36;5;6;6;6;40;46;46;46;46;0.59;30.32;21;87871;
26411;2025-01-01T15:22:38;5;5;5;6;38;43;43;43;43;0.59;30.43;21;87864;
26412;2025-01-01T15:23:40;5;6;6;6;40;46;47;47;47;0.59;30.16;22;87868;
26413;2025-01-01T15:24:42;5;5;5;5;38;43;43;43;43;0.56;30.82;21;87863;
