counter;datetime;PM1;PM2_5;PM4;PM10;NumPM1;NumPM2_5;NumPM4;NumPM10;PartSize;tempC;humidity;pressure;meta
27119;2025-01-01T00:00:01;35;37;37;37;278;279;279;280;0.46;22.15;35;87860;
27120;2025-01-01T00:01:04;33;36;36;36;266;267;267;267;0.46;22.15;35;87859;
27121;2025-01-01T00:02:06;32;34;34;34;254;254;255;255;0.47;22.22;35;87850;
27122;2025-01-01T00:03:08;33;35;35;35;261;262;262;262;0.45;22.24;35;87852;
27123;2025-01-01T00:04:10;34;36;36;36;271;272;272;272;0.47;22.2;35;87852;
27124;2025-01-01T00:05:13;35;37;37;37;279;280;280;281;0.45;22.26;34;87855;
27125;2025-01-01T00:06:15;35;37;37;37;276;276;276;276;0.44;22.15;35;87857;
27126;2025-01-01T00:07:17;36;38;38;38;284;285;285;285;0.46;22.04;35;87855;
27127;2025-01-01T00:08:19;35;37;37;37;280;281;281;281;0.45;22.14;35;87853;
27128;2025-01-01T00:09:22;35;37;37;37;275;276;276;276;0.44;22.17;35;87859;
27129;2025-01-01T00:10:24;36;38;38;38;286;287;287;287;0.47;22.19;35;87846;
27130;2025-01-01T00:11:26;33;35;35;35;260;261;261;261;0.45;22.18;35;87850;
27131;2025-01-01T00:12:28;33;35;35;35;262;263;263;263;0.46;22.13;35;87854;
27132;2025-01-01T00:13:30;32;34;34;34;256;257;257;257;0.45;22.16;35;87853;
27133;2025-01-01T00:14:33;31;33;33;33;248;248;248;248;0.43;22.16;35;87852;
27134;2025-01-01T00:15:35;29;30;30;30;229;229;229;229;0.44;22.13;35;87856;
27135;2025-01-01T00:16:37;31;32;32;32;244;245;245;245;0.44;22.14;35;87852;
27136;2025-01-01T00:17:39;30;32;32;32;242;242;243;243;0.45;22.09;35;87854;
27137;2025-01-01T00:18:42;34;36;36;36;267;268;268;268;0.45;22.11;35;87856;
27138;2025-01-01T00:19:44;31;32;32;32;243;244;244;244;0.44;22.07;35;87851;
27139;2025-01-01T00:20:46;30;32;32;32;239;240;240;240;0.44;22.06;35;87844;
27140;2025-01-01T00:21:48;31;33;33;33;246;247;247;247;0.45;22.06;35;87847;
27141;2025-01-01T00:22:50;31;32;32;32;243;244;244;244;0.45;22.06;35;87849;
27142;2025-01-01T00:23:53;29;31;31;31;234;235;235;235;0.45;22.04;34;87842;
27143;2025-01-01T00:24:55;39;42;42;42;314;315;315;315;0.47;21.92;37;87848;
27144;2025-01-01T00:25:57;50;54;54;54;400;402;402;402;0.5;21.91;36;87846;
27145;2025-01-01T00:26:59;38;41;41;41;304;306;306;306;0.48;21.83;36;87843;
27146;2025-01-01T00:28:02;34;36;36;36;271;272;272;272;0.47;21.88;35;87841;
27147;2025-01-01T00:29:04;43;46;46;46;342;343;343;344;0.47;21.81;36;87843;
27148;2025-01-01T00:30:06;33;35;35;35;263;264;264;264;0.45;21.61;37;87846;
27149;2025-01-01T00:31:08;33;35;35;35;265;266;266;266;0.45;21.72;37;87847;
27150;2025-01-01T00:32:11;33;35;35;35;262;263;263;263;0.47;21.63;37;87845;
27151;2025-01-01T00:33:13;34;36;36;36;267;268;268;268;0.46;21.55;38;87840;
27152;2025-01-01T00:34:15;32;34;34;34;253;254;254;254;0.46;21.54;37;87841;
27153;2025-01-01T00:35:17;32;34;34;34;254;255;255;255;0.44;21.56;37;87836;
27154;2025-01-01T00:36:19;31;32;32;32;243;244;244;244;0.44;21.5;37;87839;
27155;2025-01-01T00:37:22;30;32;32;32;238;239;239;239;0.46;21.57;36;87843;
27156;2025-01-01T00:38:24;29;30;30;30;227;228;228;228;0.44;21.57;36;87835;
27157;2025-01-01T00:39:26;29;31;31;31;230;231;231;231;0.46;21.54;36;87838;
27158;2025-01-01T00:40:28;29;30;30;31;227;228;228;228;0.47;21.5;37;87842;
27159;2025-01-01T00:41:31;29;30;31;31;227;228;228;228;0.48;21.54;36;87838;
27160;2025-01-01T00:42:33;29;31;31;31;228;229;229;229;0.46;21.53;37;87837;
27161;2025-01-01T00:43:35;33;35;35;35;264;265;265;265;0.47;21.56;36;87838;
27162;2025-01-01T00:44:37;38;41;41;41;304;305;305;305;0.49;21.58;36;87838;
27163;2025-01-01T00:45:40;45;49;49;49;360;361;362;362;0.5;21.58;36;87838;
27164;2025-01-01T00:46:42;31;33;33;33;244;245;245;245;0.46;21.54;37;87838;
27165;2025-01-01T00:47:44;26;28;28;28;210;211;211;211;0.46;21.54;36;87833;
27166;2025-01-01T00:48:46;25;26;26;26;197;198;198;198;0.45;21.53;36;87837;
27167;2025-01-01T00:49:48;24;26;26;26;195;195;195;195;0.45;21.52;36;87836;
27168;2025-01-01T00:50:51;24;26;26;26;193;194;194;194;0.43;21.5;36;87833;
27169;2025-01-01T00:51:53;22;23;23;23;175;175;175;175;0.45;21.51;35;87834;
27170;2025-01-01T00:52:55;23;25;25;25;185;185;185;185;0.45;21.42;36;87839;
27171;2025-01-01T00:53:57;23;25;25;25;186;187;187;187;0.46;21.46;35;87833;
27172;2025-01-01T00:55:00;24;26;26;26;192;193;193;193;0.46;21.46;35;87830;
27173;2025-01-01T00:56:02;23;25;25;25;185;186;186;186;0.44;21.39;35;87835;
27174;2025-01-01T00:57:04;22;23;23;23;171;172;172;172;0.47;21.4;36;87819;
27175;2025-01-01T00:58:06;22;24;24;24;176;177;177;177;0.46;21.39;36;87835;
27176;2025-01-01T00:59:09;23;24;24;24;180;181;181;181;0.47;21.35;36;87827;
27177;2025-01-01T01:00:11;22;23;23;23;174;175;175;175;0.46;21.33;36;87827;
27178;2025-01-01T01:01:13;22;23;23;23;171;172;172;172;0.46;21.36;35;87826;
27179;2025-01-01T01:02:15;24;25;25;26;189;190;190;190;0.47;21.38;36;87828;
27180;2025-01-01T01:03:17;22;24;24;24;177;178;178;178;0.45;21.37;36;87827;
27181;2025-01-01T01:04:20;23;25;25;25;185;186;186;186;0.46;21.4;35;87831;
27182;2025-01-01T01:05:22;21;23;23;23;171;172;172;172;0.44;21.41;36;87827;
27183;2025-01-01T01:06:24;20;21;21;21;160;161;161;161;0.45;21.39;36;87827;
27184;2025-01-01T01:07:26;20;22;22;22;161;161;161;161;0.46;21.37;36;87827;
27185;2025-01-01T01:08:29;21;22;23;23;167;167;167;167;0.45;21.3;36;87825;
27186;2025-01-01T01:09:31;20;21;21;22;159;160;160;160;0.46;21.22;36;87827;
27187;2025-01-01T01:10:33;19;21;21;21;155;155;155;155;0.44;21.21;36;87826;
27188;2025-01-01T01:11:35;20;21;21;21;156;157;157;157;0.44;21.15;36;87824;
27189;2025-01-01T01:12:37;20;22;22;22;163;163;163;163;0.44;21.13;36;87824;
27190;2025-01-01T01:13:40;21;22;22;22;163;164;164;164;0.44;21.22;36;87822;
27191;2025-01-01T01:14:42;21;22;22;22;166;166;166;166;0.45;21.21;36;87815;
27192;2025-01-01T01:15:44;21;22;22;22;167;168;168;168;0.45;21.21;36;87824;
27193;2025-01-01T01:16:46;20;21;22;22;161;162;162;162;0.46;21.12;36;87814;
27194;2025-01-01T01:17:49;21;22;22;22;164;164;164;164;0.47;21.21;36;87821;
27195;2025-01-01T01:18:51;21;22;22;22;166;166;166;166;0.44;21.23;36;87821;
27196;2025-01-01T01:19:53;22;23;23;23;174;175;175;175;0.46;21.25;36;87820;
27197;2025-01-01T01:20:55;22;23;23;23;173;174;174;174;0.45;21.21;36;87809;
27198;2025-01-01T01:21:57;24;25;25;25;187;188;188;188;0.44;21.21;36;87815;
27199;2025-01-01T01:23:00;23;24;24;24;181;181;181;181;0.45;21.2;36;87814;
27200;2025-01-01T01:24:02;24;26;26;26;193;194;194;194;0.47;21.17;36;87815;
27201;2025-01-01T01:25:04;24;26;26;26;194;195;195;195;0.48;21.18;36;87809;
27202;2025-01-01T01:26:06;25;27;27;27;202;203;203;203;0.47;21.2;35;87816;
27203;2025-01-01T01:27:09;23;25;25;25;185;186;186;186;0.47;21.19;36;87807;
27204;2025-01-01T01:28:11;23;24;24;24;180;180;180;180;0.46;21.2;35;87808;
27205;2025-01-01T01:29:13;24;25;25;25;191;191;191;191;0.44;21.16;36;87809;
27206;2025-01-01T01:30:15;25;26;26;26;196;197;197;197;0.43;21.15;36;87810;
27207;2025-01-01T01:31:17;25;26;26;26;196;197;197;197;0.46;21.12;36;87800;
27208;2025-01-01T01:32:20;29;31;31;31;228;229;229;229;0.49;21.14;36;87806;
27209;2025-01-01T01:33:22;26;28;28;28;209;209;209;209;0.48;21.11;36;87796;
27210;2025-01-01T01:34:24;21;23;23;23;171;171;172;172;0.48;21.09;36;87799;
27211;2025-01-01T01:35:26;21;23;23;23;169;169;169;169;0.47;21.1;36;87800;
27212;2025-01-01T01:36:29;20;22;22;22;162;162;162;162;0.47;21.07;35;87801;
27213;2025-01-01T01:37:31;21;22;22;22;164;165;165;165;0.45;21.05;36;87790;
27214;2025-01-01T01:38:33;19;20;20;20;154;154;154;154;0.45;21.07;35;87791;
27215;2025-01-01T01:39:35;18;19;19;19;145;146;146;146;0.43;21.03;36;87793;
27216;2025-01-01T01:40:38;20;21;21;21;160;161;161;161;0.43;20.95;36;87790;
27217;2025-01-01T01:41:40;24;26;26;26;193;193;193;193;0.44;20.9;36;87789;
27218;2025-01-01T01:42:42;26;28;28;28;210;211;211;211;0.42;20.93;36;87790;
27219;2025-01-01T01:43:44;27;28;28;28;213;213;213;213;0.44;20.95;36;87790;
27220;2025-01-01T01:44:46;25;26;26;26;199;200;200;200;0.42;20.93;36;87788;
27221;2025-01-01T01:45:49;23;24;24;24;184;184;184;184;0.43;20.93;36;87776;
27222;2025-01-01T01:46:51;23;24;24;24;181;182;182;182;0.43;20.92;35;87778;
27223;2025-01-01T01:47:53;24;25;25;25;189;190;190;190;0.43;20.88;36;87782;
27224;2025-01-01T01:48:55;22;24;24;24;178;179;179;179;0.43;20.9;35;87778;
27225;2025-01-01T01:49:58;21;22;22;22;168;169;169;169;0.43;20.87;36;87783;
27226;2025-01-01T01:51:00;23;24;24;24;181;182;182;182;0.44;20.86;35;87779;
27227;2025-01-01T01:52:02;23;25;25;25;185;186;186;186;0.43;20.85;36;87785;
27228;2025-01-01T01:53:04;23;24;24;24;181;182;182;182;0.46;20.82;36;87778;
27229;2025-01-01T01:54:06;24;25;25;25;188;188;188;188;0.45;20.77;36;87777;
27230;2025-01-01T01:55:09;31;33;33;33;245;245;245;246;0.43;20.77;36;87777;
27231;2025-01-01T01:56:11;31;33;33;33;247;248;248;248;0.44;20.74;37;87783;
27232;2025-01-01T01:57:13;26;28;28;28;208;208;209;209;0.46;20.71;36;87774;
27233;2025-01-01T01:58:15;26;27;28;28;206;207;207;207;0.45;20.72;36;87781;
27234;2025-01-01T01:59:18;25;26;26;26;198;199;199;199;0.44;20.67;37;87774;
27235;2025-01-01T02:00:20;23;25;25;25;186;187;187;187;0.46;20.62;37;87781;
27236;2025-01-01T02:01:22;25;27;27;27;201;202;202;202;0.44;20.6;37;87782;
27237;2025-01-01T02:02:24;24;25;25;25;191;192;192;192;0.43;20.52;37;87781;
27238;2025-01-01T02:03:27;23;24;24;24;182;183;183;183;0.46;20.55;37;87777;
27239;2025-01-01T02:04:29;24;26;26;26;191;192;192;192;0.46;20.55;37;87775;
27240;2025-01-01T02:05:31;24;25;25;25;189;189;189;189;0.46;20.53;37;87779;
27241;2025-01-01T02:06:33;25;27;27;27;199;200;200;200;0.46;20.52;37;87779;
27242;2025-01-01T02:07:35;24;26;26;26;194;194;194;194;0.48;20.53;37;87777;
27243;2025-01-01T02:08:38;26;27;27;27;203;204;204;204;0.48;20.52;37;87772;
27244;2025-01-01T02:09:40;30;32;32;32;240;241;241;241;0.48;20.51;36;87772;
27245;2025-01-01T02:10:42;27;28;28;28;211;212;212;212;0.46;20.47;37;87766;
27246;2025-01-01T02:11:44;29;31;31;31;234;235;235;235;0.48;20.47;37;87768;
27247;2025-01-01T02:12:47;29;31;31;31;233;234;234;234;0.46;20.45;37;87772;
27248;2025-01-01T02:13:49;29;31;31;31;229;230;230;230;0.46;20.42;37;87767;
27249;2025-01-01T02:14:51;35;37;37;37;276;277;277;277;0.47;20.42;38;87767;
27250;2025-01-01T02:15:53;36;38;38;38;283;284;284;284;0.45;20.45;36;87765;
27251;2025-01-01T02:16:56;37;39;39;39;293;294;294;294;0.46;20.43;37;87763;
27252;2025-01-01T02:17:58;35;38;38;38;281;282;282;282;0.46;20.44;37;87758;
27253;2025-01-01T02:19:00;31;33;33;33;245;246;246;246;0.45;20.36;37;87760;
27254;2025-01-01T02:20:02;30;32;32;32;242;243;243;243;0.46;20.37;36;87758;
27255;2025-01-01T02:21:04;34;36;36;36;269;270;270;270;0.46;20.34;37;87749;
27256;2025-01-01T02:22:07;41;43;43;43;325;326;326;327;0.44;20.36;37;87760;
27257;2025-01-01T02:23:09;47;50;50;50;374;375;375;375;0.44;20.35;36;87758;
27258;2025-01-01T02:24:11;53;56;56;56;421;422;422;422;0.45;20.3;36;87756;
27259;2025-01-01T02:25:13;56;59;60;60;446;448;448;448;0.45;20.31;36;87757;
27260;2025-01-01T02:26:16;55;58;58;58;438;440;440;440;0.44;20.31;37;87758;
27261;2025-01-01T02:27:18;50;53;53;53;396;398;398;398;0.44;20.23;38;87752;
27262;2025-01-01T02:28:20;47;50;50;50;375;376;377;377;0.45;20.17;37;87752;
27263;2025-01-01T02:29:22;41;43;43;44;325;326;326;326;0.46;20.16;37;87754;
27264;2025-01-01T02:30:24;40;42;43;43;316;318;318;318;0.48;20.18;38;87745;
27265;2025-01-01T02:31:27;37;39;39;39;290;291;291;292;0.46;20.08;38;87749;
27266;2025-01-01T02:32:29;27;28;28;28;211;212;212;212;0.45;20.11;37;87736;
27267;2025-01-01T02:33:31;25;26;26;27;198;199;199;199;0.45;20.09;38;87747;
27268;2025-01-01T02:34:33;23;24;24;24;181;182;182;182;0.45;20.03;39;87744;
27269;2025-01-01T02:35:36;25;26;26;26;198;198;198;198;0.44;19.86;39;87745;
27270;2025-01-01T02:36:38;22;23;23;23;174;174;175;175;0.47;19.72;39;87740;
27271;2025-01-01T02:37:40;20;22;22;22;162;163;163;163;0.48;19.82;38;87745;
27272;2025-01-01T02:38:42;19;20;20;20;152;153;153;153;0.45;19.87;39;87742;
27273;2025-01-01T02:39:45;20;21;21;21;157;157;157;157;0.46;19.92;38;87740;
27274;2025-01-01T02:40:47;20;21;21;21;158;159;159;159;0.46;19.85;38;87739;
27275;2025-01-01T02:41:49;19;20;20;20;148;148;149;149;0.49;19.91;38;87727;
27276;2025-01-01T02:42:51;19;21;21;21;153;154;154;154;0.48;19.98;37;87737;
27277;2025-01-01T02:43:53;17;18;18;18;133;133;133;133;0.5;19.98;38;87737;
27278;2025-01-01T02:44:56;18;19;19;19;141;142;142;142;0.47;19.98;38;87732;
27279;2025-01-01T02:45:58;41;44;44;44;327;328;328;328;0.51;19.99;37;87741;
27280;2025-01-01T02:47:00;26;28;29;29;207;208;209;209;0.51;19.99;39;87743;
27281;2025-01-01T02:48:02;23;25;25;25;184;185;185;185;0.46;19.97;39;87741;
27282;2025-01-01T02:49:05;22;23;24;24;175;176;176;176;0.47;19.96;38;87745;
27283;2025-01-01T02:50:07;24;26;26;26;194;195;195;195;0.45;19.92;39;87739;
27284;2025-01-01T02:51:09;31;32;32;32;244;245;245;245;0.44;19.91;39;87740;
27285;2025-01-01T02:52:11;32;34;34;34;258;259;259;259;0.44;19.85;39;87738;
27286;2025-01-01T02:53:13;26;28;28;28;207;208;208;208;0.45;19.86;39;87742;
27287;2025-01-01T02:54:16;26;27;27;27;205;205;205;205;0.45;19.83;40;87731;
27288;2025-01-01T02:55:18;23;24;24;24;182;182;182;182;0.44;19.81;40;87733;
27289;2025-01-01T02:56:20;22;23;23;23;172;172;172;172;0.43;19.81;38;87733;
27290;2025-01-01T02:57:22;21;23;23;23;171;171;171;171;0.47;19.76;39;87737;
27291;2025-01-01T02:58:25;22;23;23;23;175;175;175;175;0.46;19.71;39;87730;
27292;2025-01-01T02:59:27;20;21;21;21;158;159;159;159;0.45;19.7;40;87734;
27293;2025-01-01T03:00:29;20;21;21;21;161;161;161;161;0.45;19.62;40;87734;
27294;2025-01-01T03:01:31;20;21;21;21;161;161;161;161;0.46;19.65;38;87735;
27295;2025-01-01T03:02:33;22;24;24;24;177;178;178;178;0.45;19.53;39;87736;
27296;2025-01-01T03:03:36;29;31;31;31;233;234;234;234;0.45;19.58;39;87731;
27297;2025-01-01T03:04:38;32;33;33;33;251;251;252;252;0.46;19.58;38;87732;
27298;2025-01-01T03:05:40;22;24;24;24;178;179;179;179;0.47;19.7;38;87739;
27299;2025-01-01T03:06:42;23;25;25;25;187;187;188;188;0.46;19.7;38;87734;
27300;2025-01-01T03:07:45;20;21;21;21;160;160;160;160;0.44;19.7;38;87734;
27301;2025-01-01T03:08:47;19;20;20;20;151;152;152;152;0.46;19.76;38;87742;
27302;2025-01-01T03:09:49;21;22;22;22;165;165;165;165;0.48;19.76;38;87735;
27303;2025-01-01T03:10:51;20;21;21;21;155;156;156;156;0.48;19.76;38;87731;
27304;2025-01-01T03:11:54;18;19;19;19;146;146;146;146;0.46;19.75;38;87724;
27305;2025-01-01T03:12:56;19;20;20;20;149;149;149;149;0.44;19.6;38;87724;
27306;2025-01-01T03:13:58;22;24;24;24;179;179;179;179;0.47;19.51;39;87732;
27307;2025-01-01T03:15:00;23;24;24;24;180;181;181;181;0.5;19.56;38;87726;
27308;2025-01-01T03:16:02;20;22;22;22;161;161;161;161;0.49;19.55;39;87720;
27309;2025-01-01T03:17:05;19;20;20;20;149;150;150;150;0.49;19.49;39;87719;
27310;2025-01-01T03:18:07;17;18;18;18;132;133;133;133;0.49;19.51;38;87724;
27311;2025-01-01T03:19:09;17;18;18;18;135;136;136;136;0.46;19.49;38;87722;
27312;2025-01-01T03:20:11;17;18;19;19;138;139;139;139;0.49;19.45;38;87725;
27313;2025-01-01T03:21:14;18;19;19;19;139;140;140;140;0.49;19.41;39;87727;
27314;2025-01-01T03:22:16;18;19;19;19;141;141;141;141;0.49;19.47;39;87727;
27315;2025-01-01T03:23:18;18;20;20;20;145;146;146;146;0.49;19.46;39;87728;
27316;2025-01-01T03:24:20;17;19;19;19;139;140;140;140;0.48;19.48;38;87721;
27317;2025-01-01T03:25:22;18;19;19;19;143;144;144;144;0.46;19.37;39;87725;
27318;2025-01-01T03:26:25;18;20;20;20;146;147;147;147;0.47;19.34;39;87732;
27319;2025-01-01T03:27:27;18;19;20;20;146;146;147;147;0.47;19.36;39;87732;
27320;2025-01-01T03:28:29;19;20;20;20;149;150;150;150;0.49;19.32;39;87726;
27321;2025-01-01T03:29:31;23;24;25;25;181;182;182;182;0.5;19.26;39;87718;
27322;2025-01-01T03:30:34;22;23;23;24;171;172;172;172;0.52;19.23;39;87725;
27323;2025-01-01T03:31:36;21;23;23;23;169;170;170;170;0.52;19.21;39;87725;
27324;2025-01-01T03:32:38;20;22;22;22;161;162;162;162;0.53;19.17;39;87724;
27325;2025-01-01T03:33:40;21;23;23;23;167;168;168;168;0.52;19.09;40;87721;
27326;2025-01-01T03:34:43;19;21;21;21;153;153;153;153;0.5;18.96;40;87728;
27327;2025-01-01T03:35:45;18;20;20;20;146;147;147;147;0.51;19.03;39;87730;
27328;2025-01-01T03:36:47;18;19;19;19;139;140;140;140;0.52;19.0;39;87728;
27329;2025-01-01T03:37:49;16;17;18;18;129;130;130;130;0.5;19.0;39;87731;
27330;2025-01-01T03:38:51;16;17;17;17;126;127;127;127;0.5;19.06;39;87728;
27331;2025-01-01T03:39:54;15;16;16;16;122;122;122;122;0.49;19.14;39;87728;
27332;2025-01-01T03:40:56;15;16;16;16;118;118;118;118;0.49;19.24;38;87734;
27333;2025-01-01T03:41:58;14;15;15;15;109;109;109;109;0.49;19.26;38;87736;
27334;2025-01-01T03:43:00;15;16;16;16;117;118;118;118;0.48;19.32;38;87732;
27335;2025-01-01T03:44:03;14;15;15;15;114;115;115;115;0.46;19.34;39;87740;
27336;2025-01-01T03:45:05;16;17;17;17;129;129;129;129;0.46;19.36;38;87737;
27337;2025-01-01T03:46:07;14;15;15;15;112;112;112;112;0.47;19.38;38;87729;
27338;2025-01-01T03:47:09;14;15;15;15;110;110;111;111;0.48;19.41;37;87735;
27339;2025-01-01T03:48:11;15;16;16;16;116;117;117;117;0.48;19.35;38;87741;
27340;2025-01-01T03:49:14;18;19;19;19;143;143;143;143;0.47;19.38;37;87745;
27341;2025-01-01T03:50:16;24;25;25;26;189;190;190;190;0.47;19.35;38;87743;
27342;2025-01-01T03:51:18;22;23;23;23;172;173;173;173;0.49;19.33;38;87744;
27343;2025-01-01T03:52:20;30;32;32;32;236;237;238;238;0.5;19.32;39;87743;
27344;2025-01-01T03:53:23;27;29;29;29;215;216;216;216;0.47;19.25;40;87746;
27345;2025-01-01T03:54:25;25;26;26;26;197;197;197;198;0.47;19.06;40;87744;
27346;2025-01-01T03:55:27;23;25;25;25;186;187;187;187;0.49;18.92;41;87742;
27347;2025-01-01T03:56:29;22;23;23;23;172;173;173;173;0.47;18.79;41;87743;
27348;2025-01-01T03:57:31;23;24;24;24;181;182;182;182;0.48;18.81;41;87744;
27349;2025-01-01T03:58:34;25;27;27;27;202;202;202;202;0.48;18.93;41;87751;
27350;2025-01-01T03:59:36;24;26;26;26;194;195;195;195;0.49;18.8;41;87747;
27351;2025-01-01T04:00:38;25;27;27;27;198;198;199;199;0.49;18.81;41;87754;
27352;2025-01-01T04:01:40;24;25;25;25;187;188;188;188;0.49;18.92;40;87747;
27353;2025-01-01T04:02:43;25;27;27;27;201;202;202;202;0.49;18.94;40;87756;
27354;2025-01-01T04:03:45;26;28;28;28;208;209;209;209;0.49;18.86;41;87755;
27355;2025-01-01T04:04:47;24;25;26;26;190;190;191;191;0.49;18.83;40;87755;
27356;2025-01-01T04:05:49;24;25;25;25;189;190;190;190;0.48;18.83;40;87759;
27357;2025-01-01T04:06:51;23;24;24;24;180;180;180;180;0.49;18.88;40;87764;
27358;2025-01-01T04:07:54;20;21;21;21;157;158;158;158;0.49;18.91;40;87773;
27359;2025-01-01T04:08:56;19;21;21;21;154;155;155;155;0.48;18.92;41;87763;
27360;2025-01-01T04:09:58;16;17;17;17;130;130;130;130;0.45;18.89;41;87762;
27361;2025-01-01T04:11:00;17;18;18;18;137;138;138;138;0.46;18.89;41;87770;
27362;2025-01-01T04:12:03;15;16;16;16;121;121;121;121;0.46;18.88;41;87768;
27363;2025-01-01T04:13:05;14;15;15;15;114;114;114;114;0.46;18.78;41;87780;
27364;2025-01-01T04:14:07;15;16;16;16;119;120;120;120;0.46;18.79;41;87773;
27365;2025-01-01T04:15:09;16;17;17;17;126;127;127;127;0.47;18.77;41;87770;
27366;2025-01-01T04:16:12;15;16;16;16;119;120;120;120;0.47;18.73;41;87776;
27367;2025-01-01T04:17:14;15;16;16;16;119;120;120;120;0.46;18.76;41;87780;
27368;2025-01-01T04:18:16;15;16;16;17;123;123;123;123;0.49;18.73;41;87776;
27369;2025-01-01T04:19:18;18;19;19;19;143;143;143;143;0.47;18.72;41;87775;
27370;2025-01-01T04:20:20;22;23;23;23;174;175;175;175;0.46;18.71;41;87778;
27371;2025-01-01T04:21:23;18;19;19;19;145;146;146;146;0.47;18.69;40;87775;
27372;2025-01-01T04:22:25;22;23;23;23;172;173;173;173;0.5;18.77;40;87779;
27373;2025-01-01T04:23:27;22;24;24;24;178;179;179;179;0.5;18.77;40;87778;
27374;2025-01-01T04:24:29;22;23;24;24;175;176;176;176;0.48;18.8;40;87778;
27375;2025-01-01T04:25:32;17;18;18;18;134;135;135;135;0.48;18.85;40;87782;
27376;2025-01-01T04:26:34;15;16;16;16;121;121;121;121;0.47;18.92;40;87774;
27377;2025-01-01T04:27:36;14;15;15;15;114;115;115;115;0.48;18.93;39;87781;
27378;2025-01-01T04:28:38;11;12;12;12;91;92;92;92;0.48;18.99;39;87784;
27379;2025-01-01T04:29:40;12;12;12;12;92;92;92;92;0.48;18.99;38;87778;
27380;2025-01-01T04:30:43;11;11;11;11;85;85;85;85;0.48;19.05;38;87776;
27381;2025-01-01T04:31:45;10;10;10;10;76;76;76;76;0.46;19.02;39;87782;
27382;2025-01-01T04:32:47;9;10;10;10;74;74;74;74;0.44;19.05;39;87787;
27383;2025-01-01T04:33:49;11;11;11;11;85;85;85;85;0.43;19.07;38;87779;
27384;2025-01-01T04:34:52;10;10;10;10;78;79;79;79;0.44;19.07;38;87784;
27385;2025-01-01T04:35:54;10;11;11;11;81;81;81;81;0.44;19.07;38;87792;
27386;2025-01-01T04:36:56;10;11;11;11;80;80;80;80;0.45;19.11;38;87784;
27387;2025-01-01T04:37:58;10;11;11;11;80;80;80;80;0.45;19.16;38;87794;
27388;2025-01-01T04:39:00;9;10;10;10;74;74;74;74;0.43;19.21;38;87793;
27389;2025-01-01T04:40:03;9;10;10;10;74;75;75;75;0.44;19.25;37;87798;
27390;2025-01-01T04:41:05;10;10;10;10;76;77;77;77;0.44;19.32;37;87794;
27391;2025-01-01T04:42:07;10;10;10;10;77;77;77;77;0.44;19.32;37;87789;
27392;2025-01-01T04:43:09;10;10;10;10;77;78;78;78;0.44;19.34;37;87800;
27393;2025-01-01T04:44:12;10;11;11;11;80;80;80;80;0.46;19.35;37;87799;
27394;2025-01-01T04:45:14;11;12;12;12;89;89;90;90;0.48;19.35;38;87804;
27395;2025-01-01T04:46:16;13;14;14;14;105;106;106;106;0.47;19.34;37;87803;
27396;2025-01-01T04:47:18;17;18;18;18;135;136;136;136;0.45;19.33;38;87801;
27397;2025-01-01T04:48:20;18;19;19;19;146;146;146;146;0.45;19.25;39;87809;
27398;2025-01-01T04:49:23;20;21;21;21;155;156;156;156;0.42;19.26;38;87805;
27399;2025-01-01T04:50:25;22;24;24;24;178;179;179;179;0.42;19.25;39;87809;
27400;2025-01-01T04:51:27;23;24;24;24;180;181;181;181;0.44;19.13;40;87814;
27401;2025-01-01T04:52:29;27;28;28;28;212;213;213;213;0.46;19.09;40;87815;
27402;2025-01-01T04:53:32;30;32;32;32;240;240;241;241;0.46;18.94;40;87807;
27403;2025-01-01T04:54:34;39;42;42;42;312;314;314;314;0.47;18.71;40;87811;
27404;2025-01-01T04:55:36;37;39;39;39;293;294;294;294;0.47;18.67;40;87814;
27405;2025-01-01T04:56:38;36;38;38;38;283;284;284;284;0.48;18.7;41;87815;
27406;2025-01-01T04:57:40;36;39;39;39;289;290;290;290;0.45;18.75;41;87820;
27407;2025-01-01T04:58:43;32;34;34;34;257;258;258;258;0.46;18.8;40;87823;
27408;2025-01-01T04:59:45;26;27;27;27;204;205;205;205;0.47;18.71;41;87822;
27409;2025-01-01T05:00:47;29;31;31;31;232;233;233;233;0.5;18.71;41;87817;
27410;2025-01-01T05:01:49;35;38;38;39;275;277;277;277;0.53;18.75;40;87817;
27411;2025-01-01T05:02:52;37;40;42;42;291;293;294;294;0.57;18.76;40;87818;
27412;2025-01-01T05:03:54;34;37;38;39;267;269;269;269;0.55;18.63;41;87827;
27413;2025-01-01T05:04:56;31;34;34;34;246;247;248;248;0.5;18.63;40;87818;
27414;2025-01-01T05:05:58;22;23;24;24;172;173;173;173;0.52;18.52;40;87823;
27415;2025-01-01T05:07:00;18;19;20;20;143;144;144;144;0.5;18.57;41;87825;
27416;2025-01-01T05:08:03;19;20;20;20;149;149;149;149;0.5;18.59;41;87833;
27417;2025-01-01T05:09:05;19;20;20;20;148;149;149;149;0.5;18.54;41;87834;
27418;2025-01-01T05:10:07;15;16;17;17;121;122;122;122;0.49;18.42;41;87831;
27419;2025-01-01T05:11:09;15;16;16;16;122;122;122;122;0.48;18.5;40;87837;
27420;2025-01-01T05:12:12;15;15;16;16;115;116;116;116;0.5;18.49;41;87835;
27421;2025-01-01T05:13:14;18;19;19;19;140;140;140;140;0.48;18.54;40;87837;
27422;2025-01-01T05:14:16;20;21;21;22;158;159;159;159;0.5;18.52;40;87839;
27423;2025-01-01T05:15:18;20;22;22;22;162;163;163;163;0.49;18.53;41;87843;
27424;2025-01-01T05:16:20;22;23;23;23;171;172;172;172;0.5;18.52;41;87839;
27425;2025-01-01T05:17:23;22;24;24;24;175;175;176;176;0.52;18.5;41;87843;
27426;2025-01-01T05:18:25;24;25;26;26;188;189;189;189;0.51;18.49;41;87846;
27427;2025-01-01T05:19:27;23;25;25;25;184;185;185;185;0.5;18.52;40;87845;
27428;2025-01-01T05:20:29;24;25;25;25;189;190;190;190;0.48;18.55;40;87855;
27429;2025-01-01T05:21:32;24;25;25;26;187;188;188;188;0.48;18.55;40;87858;
27430;2025-01-01T05:22:34;21;23;23;23;170;171;171;171;0.47;18.53;41;87854;
27431;2025-01-01T05:23:36;20;22;22;22;161;162;162;162;0.47;18.39;41;87849;
27432;2025-01-01T05:24:38;19;20;20;20;153;154;154;154;0.46;18.38;41;87855;
27433;2025-01-01T05:25:41;19;21;21;21;153;154;154;154;0.49;18.34;41;87856;
27434;2025-01-01T05:26:43;19;21;21;21;154;155;155;155;0.45;18.38;41;87855;
27435;2025-01-01T05:27:45;19;20;20;20;150;151;151;151;0.47;18.39;41;87859;
27436;2025-01-01T05:28:47;21;22;22;22;165;165;165;165;0.47;18.41;41;87859;
27437;2025-01-01T05:29:49;21;22;22;22;166;166;166;166;0.45;18.4;41;87855;
27438;2025-01-01T05:30:52;21;23;23;23;171;171;171;171;0.46;18.39;41;87863;
27439;2025-01-01T05:31:54;23;24;24;24;180;180;181;181;0.47;18.34;41;87859;
27440;2025-01-01T05:32:56;20;22;22;22;163;163;163;163;0.47;18.29;41;87857;
27441;2025-01-01T05:33:58;18;20;20;20;147;147;148;148;0.48;18.3;41;87862;
27442;2025-01-01T05:35:01;18;19;19;19;145;146;146;146;0.45;18.25;42;87867;
27443;2025-01-01T05:36:03;18;19;19;19;144;144;144;144;0.46;18.09;41;87867;
27444;2025-01-01T05:37:05;19;21;21;21;154;155;155;155;0.48;17.99;42;87864;
27445;2025-01-01T05:38:07;21;23;23;23;170;170;170;170;0.47;18.05;41;87873;
27446;2025-01-01T05:39:10;25;26;26;27;197;197;197;197;0.5;18.05;41;87868;
27447;2025-01-01T05:40:12;26;28;28;28;209;210;210;210;0.48;17.93;42;87878;
27448;2025-01-01T05:41:14;21;22;23;23;168;169;169;169;0.48;17.8;42;87872;
27449;2025-01-01T05:42:16;17;19;19;19;138;139;139;139;0.48;17.86;42;87871;
27450;2025-01-01T05:43:18;20;21;21;21;156;156;156;156;0.45;17.92;42;87877;
27451;2025-01-01T05:44:21;18;19;19;19;139;140;140;140;0.46;17.95;42;87873;
27452;2025-01-01T05:45:23;17;18;18;18;134;134;134;134;0.46;17.99;41;87879;
27453;2025-01-01T05:46:25;15;16;16;16;121;121;121;121;0.47;18.0;41;87885;
27454;2025-01-01T05:47:27;15;16;16;16;117;117;117;117;0.47;17.96;42;87883;
27455;2025-01-01T05:48:30;15;16;16;16;122;122;122;122;0.49;17.96;41;87879;
27456;2025-01-01T05:49:32;15;16;16;16;116;117;117;117;0.5;17.97;42;87883;
27457;2025-01-01T05:50:34;16;18;18;18;130;131;131;131;0.5;17.99;41;87886;
27458;2025-01-01T05:51:36;17;18;18;18;135;136;136;136;0.5;17.98;41;87882;
27459;2025-01-01T05:52:38;16;18;18;18;130;131;131;131;0.5;17.98;41;87879;
27460;2025-01-01T05:53:41;16;17;17;17;128;128;128;128;0.48;17.97;41;87878;
27461;2025-01-01T05:54:43;15;16;16;16;119;119;120;120;0.5;17.97;41;87883;
27462;2025-01-01T05:55:45;21;22;22;22;165;166;166;166;0.47;17.99;41;87881;
27463;2025-01-01T05:56:47;20;22;22;22;161;162;162;162;0.49;18.01;41;87884;
27464;2025-01-01T05:57:50;22;24;24;24;177;178;178;178;0.44;18.02;40;87888;
27465;2025-01-01T05:58:52;22;23;23;24;177;177;177;177;0.45;18.04;41;87885;
27466;2025-01-01T05:59:54;20;21;21;21;160;160;160;160;0.45;18.06;40;87891;
27467;2025-01-01T06:00:56;19;21;21;21;154;155;155;155;0.46;18.26;39;87891;
27468;2025-01-01T06:01:58;19;20;20;20;149;149;149;149;0.45;18.28;39;87885;
27469;2025-01-01T06:03:01;18;19;19;19;144;145;145;145;0.45;18.27;39;87890;
27470;2025-01-01T06:04:03;17;18;18;18;137;138;138;138;0.46;18.26;40;87886;
27471;2025-01-01T06:05:05;16;17;17;17;130;130;130;130;0.44;18.23;40;87887;
27472;2025-01-01T06:06:07;18;19;19;19;146;146;146;146;0.46;18.2;40;87888;
27473;2025-01-01T06:07:10;16;17;17;17;126;126;126;126;0.45;18.25;39;87887;
27474;2025-01-01T06:08:12;16;17;17;17;129;130;130;130;0.47;18.29;39;87893;
27475;2025-01-01T06:09:14;17;18;18;18;135;135;135;135;0.44;18.29;39;87885;
27476;2025-01-01T06:10:16;18;19;19;19;145;145;145;145;0.46;18.3;39;87892;
27477;2025-01-01T06:11:18;18;20;20;20;147;148;148;148;0.45;18.33;40;87890;
27478;2025-01-01T06:12:21;28;30;30;30;223;224;224;224;0.48;18.29;40;87890;
27479;2025-01-01T06:13:23;36;38;39;39;288;289;289;289;0.47;18.3;41;87892;
27480;2025-01-01T06:14:25;37;39;39;39;294;295;295;295;0.47;18.29;41;87890;
27481;2025-01-01T06:15:27;37;39;39;39;291;292;292;292;0.48;18.21;40;87889;
27482;2025-01-01T06:16:30;32;34;34;34;253;254;255;255;0.48;18.23;40;87890;
27483;2025-01-01T06:17:32;24;25;25;25;189;189;189;189;0.47;18.29;40;87890;
27484;2025-01-01T06:18:34;21;23;23;23;169;170;170;170;0.46;18.33;39;87893;
27485;2025-01-01T06:19:36;22;23;23;23;172;173;173;173;0.47;18.37;40;87894;
27486;2025-01-01T06:20:38;22;23;23;23;173;173;173;173;0.46;18.38;40;87896;
27487;2025-01-01T06:21:41;25;26;26;26;197;198;198;198;0.45;18.38;40;87896;
27488;2025-01-01T06:22:43;30;31;31;32;235;236;236;236;0.47;18.34;40;87897;
27489;2025-01-01T06:23:45;38;40;40;40;303;304;304;304;0.44;18.31;41;87887;
27490;2025-01-01T06:24:47;39;42;42;42;312;313;313;313;0.47;18.31;41;87903;
27491;2025-01-01T06:25:50;44;47;47;47;348;350;350;350;0.46;18.36;41;87893;
27492;2025-01-01T06:26:52;50;53;53;53;397;398;398;398;0.45;18.3;41;87897;
27493;2025-01-01T06:27:54;44;47;47;48;350;352;352;352;0.48;18.28;42;87893;
27494;2025-01-01T06:28:56;38;40;40;41;298;300;300;300;0.48;18.33;41;87890;
27495;2025-01-01T06:29:59;40;43;43;43;318;319;320;320;0.46;18.34;41;87896;
27496;2025-01-01T06:31:01;35;37;37;37;277;278;278;278;0.44;18.34;41;87892;
27497;2025-01-01T06:32:03;29;31;31;31;231;232;232;232;0.47;18.35;41;87892;
27498;2025-01-01T06:33:05;26;28;28;28;207;207;207;207;0.45;18.36;41;87901;
27499;2025-01-01T06:34:07;25;26;26;26;196;197;197;197;0.43;18.4;41;87897;
27500;2025-01-01T06:35:10;27;29;29;29;217;218;218;218;0.44;18.44;41;87904;
27501;2025-01-01T06:36:12;30;32;32;32;240;240;241;241;0.45;18.44;40;87907;
27502;2025-01-01T06:37:14;31;33;33;33;247;248;248;248;0.44;18.46;42;87910;
27503;2025-01-01T06:38:16;43;46;46;46;344;345;345;345;0.45;18.42;42;87907;
27504;2025-01-01T06:39:19;54;57;57;57;431;432;432;433;0.44;18.39;41;87912;
27505;2025-01-01T06:40:21;37;39;39;39;294;295;295;295;0.44;18.39;41;87911;
27506;2025-01-01T06:41:23;29;30;30;31;227;228;228;228;0.48;18.27;42;87901;
27507;2025-01-01T06:42:25;28;30;30;30;221;222;222;222;0.47;18.31;41;87917;
27508;2025-01-01T06:43:27;30;32;32;32;236;237;237;237;0.47;18.27;42;87908;
27509;2025-01-01T06:44:30;31;33;33;33;244;244;245;245;0.48;18.22;42;87913;
27510;2025-01-01T06:45:32;36;38;38;38;287;288;288;288;0.48;18.25;42;87920;
27511;2025-01-01T06:46:34;31;33;33;33;244;245;245;245;0.46;18.05;42;87920;
27512;2025-01-01T06:47:36;24;25;25;25;190;191;191;191;0.44;17.94;43;87923;
27513;2025-01-01T06:48:39;23;24;24;24;182;183;183;183;0.46;17.97;43;87914;
27514;2025-01-01T06:49:41;24;25;25;25;187;188;188;188;0.47;17.96;43;87921;
27515;2025-01-01T06:50:43;25;26;26;26;195;196;196;196;0.47;18.09;42;87927;
27516;2025-01-01T06:51:45;30;32;32;32;241;242;242;242;0.44;18.14;42;87929;
27517;2025-01-01T06:52:47;30;32;32;32;241;242;242;242;0.45;17.98;42;87928;
27518;2025-01-01T06:53:50;29;31;31;31;231;232;232;232;0.47;18.0;42;87935;
27519;2025-01-01T06:54:52;37;40;40;40;297;298;298;298;0.45;17.86;43;87933;
27520;2025-01-01T06:55:54;40;43;43;43;320;321;321;321;0.46;17.84;42;87934;
27521;2025-01-01T06:56:56;38;40;40;40;301;302;303;303;0.45;17.93;42;87932;
27522;2025-01-01T06:57:59;37;39;39;39;291;292;292;292;0.44;17.96;42;87936;
27523;2025-01-01T06:59:01;36;39;39;39;290;291;291;291;0.45;18.05;42;87941;
27524;2025-01-01T07:00:03;30;32;32;32;242;243;243;243;0.44;18.14;42;87934;
27525;2025-01-01T07:01:05;28;29;29;29;219;220;220;220;0.43;18.2;42;87937;
27526;2025-01-01T07:02:08;33;35;35;35;260;261;261;261;0.46;18.26;42;87943;
27527;2025-01-01T07:03:10;44;46;46;47;348;349;349;350;0.46;18.3;42;87943;
27528;2025-01-01T07:04:12;68;73;73;73;542;544;544;545;0.45;18.32;42;87949;
27529;2025-01-01T07:05:14;60;64;64;64;476;478;478;478;0.46;18.31;43;87953;
27530;2025-01-01T07:06:16;51;54;54;54;402;404;404;404;0.45;18.32;43;87954;
27531;2025-01-01T07:07:19;51;54;54;54;403;404;404;404;0.43;18.37;42;87954;
27532;2025-01-01T07:08:21;56;59;59;59;444;446;446;446;0.44;18.4;43;87953;
27533;2025-01-01T07:09:23;59;62;63;63;468;469;469;469;0.47;18.44;42;87953;
27534;2025-01-01T07:10:25;50;53;53;53;395;397;397;397;0.47;18.49;42;87966;
27535;2025-01-01T07:11:28;48;51;52;52;385;387;387;387;0.45;18.5;43;87962;
27536;2025-01-01T07:12:30;49;52;52;52;388;389;390;390;0.46;18.54;42;87973;
27537;2025-01-01T07:13:32;46;49;49;49;365;367;367;367;0.44;18.57;41;87970;
27538;2025-01-01T07:14:34;67;71;71;71;536;538;538;538;0.44;18.6;42;87970;
27539;2025-01-01T07:15:36;82;87;87;87;653;655;655;655;0.45;18.63;42;87977;
27540;2025-01-01T07:16:39;85;90;90;90;679;681;681;681;0.44;18.65;43;87977;
27541;2025-01-01T07:17:41;101;107;107;107;806;808;809;809;0.45;18.69;43;87983;
27542;2025-01-01T07:18:43;106;112;112;112;842;845;845;845;0.43;18.68;41;87987;
27543;2025-01-01T07:19:45;118;125;125;125;938;941;941;941;0.44;18.74;42;87992;
27544;2025-01-01T07:20:48;122;129;129;129;969;972;973;973;0.44;18.76;41;87987;
27545;2025-01-01T07:21:50;86;91;91;91;684;687;687;687;0.44;18.74;43;87987;
27546;2025-01-01T07:22:52;86;91;91;91;680;682;683;683;0.44;18.68;43;87987;
27547;2025-01-01T07:23:54;87;92;92;92;689;692;692;692;0.44;18.69;44;87990;
27548;2025-01-01T07:24:57;94;100;100;100;747;750;750;750;0.44;18.77;43;87997;
27549;2025-01-01T07:25:59;97;103;103;103;775;778;778;778;0.44;18.86;43;88001;
27550;2025-01-01T07:27:01;90;96;96;96;718;720;721;721;0.44;18.92;42;88004;
27551;2025-01-01T07:28:03;95;101;102;102;756;759;759;760;0.45;18.96;43;87998;
27552;2025-01-01T07:29:05;116;123;123;123;926;929;929;929;0.44;19.02;42;87996;
27553;2025-01-01T07:30:08;128;136;137;137;1021;1025;1025;1025;0.45;19.1;43;88007;
27554;2025-01-01T07:31:10;124;131;132;132;984;988;988;988;0.44;19.13;43;88013;
27555;2025-01-01T07:32:12;98;104;105;105;781;784;784;784;0.46;19.15;43;88005;
27556;2025-01-01T07:33:14;83;88;88;88;657;660;660;660;0.46;19.19;43;88003;
27557;2025-01-01T07:34:17;212;226;227;228;1686;1693;1694;1694;0.45;19.27;43;88011;
27558;2025-01-01T07:35:19;173;184;185;186;1373;1379;1379;1379;0.46;19.34;42;88007;
27559;2025-01-01T07:36:21;141;150;151;151;1125;1129;1129;1130;0.46;19.37;41;88022;
27560;2025-01-01T07:37:23;92;98;98;98;730;733;733;733;0.45;19.44;42;88020;
27561;2025-01-01T07:38:26;88;93;93;93;697;700;700;700;0.44;19.47;42;88019;
27562;2025-01-01T07:39:28;87;92;93;93;693;695;696;696;0.45;19.52;41;88020;
27563;2025-01-01T07:40:30;74;79;79;79;590;592;592;593;0.46;19.62;42;88018;
27564;2025-01-01T07:41:32;75;80;80;80;599;601;601;601;0.45;19.68;43;88018;
27565;2025-01-01T07:42:34;79;83;84;84;626;628;628;628;0.46;19.73;43;88020;
27566;2025-01-01T07:43:37;78;83;83;83;618;620;621;621;0.47;19.79;42;88025;
27567;2025-01-01T07:44:39;75;80;80;80;597;599;600;600;0.45;19.86;43;88019;
27568;2025-01-01T07:45:41;70;74;74;74;555;557;557;557;0.45;19.92;43;88026;
27569;2025-01-01T07:46:43;76;81;81;81;606;608;608;609;0.46;19.97;42;88022;
27570;2025-01-01T07:47:46;67;71;71;71;533;534;535;535;0.45;20.05;43;88028;
27571;2025-01-01T07:48:48;63;67;67;67;500;502;502;502;0.47;20.13;43;88031;
27572;2025-01-01T07:49:50;64;68;68;69;510;512;512;512;0.48;20.19;43;88031;
27573;2025-01-01T07:50:52;64;68;68;68;506;508;508;508;0.47;20.24;44;88037;
27574;2025-01-01T07:51:54;66;70;70;70;527;529;529;529;0.45;20.31;43;88042;
27575;2025-01-01T07:52:57;189;201;201;201;1505;1510;1511;1511;0.45;20.44;43;88038;
27576;2025-01-01T07:53:59;47;50;50;50;373;374;375;375;0.46;20.48;43;88038;
27577;2025-01-01T07:55:01;97;103;104;105;769;772;773;773;0.48;20.53;43;88044;
27578;2025-01-01T07:56:03;70;74;74;75;555;557;557;557;0.45;20.64;43;88044;
27579;2025-01-01T07:57:06;56;59;60;60;444;446;446;446;0.46;20.71;44;88039;
27580;2025-01-01T07:58:08;49;52;52;52;391;392;392;393;0.46;20.78;44;88047;
27581;2025-01-01T07:59:10;43;46;46;46;343;344;344;344;0.44;20.85;46;88034;
27582;2025-01-01T08:00:12;51;54;54;54;408;409;409;409;0.45;20.96;45;88043;
27583;2025-01-01T08:01:15;62;65;65;65;489;491;491;491;0.45;21.01;44;88043;
27584;2025-01-01T08:02:17;70;75;75;75;560;562;562;562;0.46;21.06;43;88044;
27585;2025-01-01T08:03:19;63;67;67;67;505;506;506;507;0.44;21.13;42;88045;
27586;2025-01-01T08:04:21;57;60;60;60;454;455;455;455;0.45;21.17;43;88045;
27587;2025-01-01T08:05:23;49;52;52;52;389;390;390;390;0.45;21.25;43;88045;
27588;2025-01-01T08:06:26;42;45;45;45;337;338;338;338;0.45;21.3;42;88039;
27589;2025-01-01T08:07:28;41;44;44;44;326;327;327;327;0.47;21.37;41;88040;
27590;2025-01-01T08:08:30;46;49;49;49;364;366;366;366;0.46;21.46;42;88047;
27591;2025-01-01T08:09:32;45;48;48;48;360;361;361;361;0.45;21.52;43;88046;
27592;2025-01-01T08:10:35;44;47;47;47;353;354;354;355;0.44;21.62;43;88052;
27593;2025-01-01T08:11:37;41;44;44;44;326;327;327;327;0.46;21.67;45;88043;
27594;2025-01-01T08:12:39;31;33;33;33;244;245;245;245;0.45;21.61;45;88051;
27595;2025-01-01T08:13:41;26;27;27;27;204;205;205;205;0.45;21.72;45;88049;
27596;2025-01-01T08:14:44;25;26;26;26;197;198;198;198;0.44;21.81;45;88057;
27597;2025-01-01T08:15:46;22;24;24;24;179;179;179;179;0.43;21.91;45;88046;
27598;2025-01-01T08:16:48;22;24;24;24;178;179;179;179;0.43;22.04;43;88047;
27599;2025-01-01T08:17:50;19;20;20;20;152;152;152;152;0.44;22.15;44;88054;
27600;2025-01-01T08:18:52;24;26;26;26;193;193;193;193;0.44;22.26;43;88052;
27601;2025-01-01T08:19:55;26;28;28;28;210;211;211;211;0.43;22.37;43;88057;
27602;2025-01-01T08:20:57;23;24;24;24;184;184;184;184;0.44;22.48;43;88057;
27603;2025-01-01T08:21:59;30;32;32;32;238;238;238;239;0.44;22.58;43;88058;
27604;2025-01-01T08:23:01;33;35;35;35;263;264;264;264;0.45;22.67;42;88057;
27605;2025-01-01T08:24:04;45;47;47;47;356;357;357;357;0.44;22.79;41;88060;
27606;2025-01-01T08:25:06;55;58;58;58;435;436;436;436;0.45;22.91;42;88060;
27607;2025-01-01T08:26:08;44;46;46;46;348;349;349;349;0.43;23.0;41;88060;
27608;2025-01-01T08:27:10;41;43;43;43;324;325;325;325;0.44;23.09;40;88063;
27609;2025-01-01T08:28:12;40;42;42;42;317;318;318;318;0.44;23.21;42;88062;
27610;2025-01-01T08:29:15;30;32;32;32;242;243;243;243;0.47;23.35;41;88060;
27611;2025-01-01T08:30:17;28;30;30;30;223;224;224;224;0.45;23.5;41;88063;
27612;2025-01-01T08:31:19;30;31;31;31;236;236;236;237;0.44;23.57;41;88059;
27613;2025-01-01T08:32:21;26;28;28;28;207;208;208;208;0.45;23.69;41;88060;
27614;2025-01-01T08:33:24;26;27;27;27;203;204;204;204;0.44;23.83;41;88060;
27615;2025-01-01T08:34:26;28;30;30;30;225;225;226;226;0.43;23.93;41;88063;
27616;2025-01-01T08:35:28;31;33;33;33;246;247;247;247;0.42;24.01;39;88057;
27617;2025-01-01T08:36:30;31;32;32;32;244;245;245;245;0.44;24.05;39;88068;
27618;2025-01-01T08:37:33;40;43;43;43;321;322;322;322;0.45;24.17;38;88068;
27619;2025-01-01T08:38:35;37;39;39;39;293;294;294;294;0.45;24.28;38;88063;
27620;2025-01-01T08:39:37;27;29;29;29;216;217;217;217;0.45;24.4;38;88068;
27621;2025-01-01T08:40:39;31;33;33;33;247;247;247;247;0.45;24.54;38;88071;
27622;2025-01-01T08:41:41;31;33;33;33;249;250;250;250;0.46;24.65;38;88072;
27623;2025-01-01T08:42:44;30;32;32;32;240;240;240;240;0.45;24.78;38;88069;
27624;2025-01-01T08:43:46;30;32;32;32;237;238;238;238;0.47;24.82;37;88060;
27625;2025-01-01T08:44:48;37;39;40;40;296;297;297;297;0.46;24.84;37;88065;
27626;2025-01-01T08:45:50;35;37;37;37;279;280;280;280;0.43;24.99;36;88065;
27627;2025-01-01T08:46:53;29;30;30;30;228;228;228;228;0.45;25.11;36;88064;
27628;2025-01-01T08:47:55;29;30;30;30;227;228;228;228;0.46;24.88;35;88071;
27629;2025-01-01T08:48:57;33;35;35;35;265;266;266;266;0.45;25.11;35;88075;
27630;2025-01-01T08:49:59;35;37;37;37;276;277;277;277;0.46;25.33;36;88069;
27631;2025-01-01T08:51:02;31;33;33;33;248;249;249;249;0.45;25.48;34;88071;
27632;2025-01-01T08:52:04;28;30;30;30;226;226;226;226;0.43;25.64;35;88070;
27633;2025-01-01T08:53:06;38;40;40;40;300;301;301;301;0.47;25.73;35;88066;
27634;2025-01-01T08:54:08;41;43;43;43;322;323;324;324;0.46;25.87;35;88068;
27635;2025-01-01T08:55:10;33;35;35;35;266;267;267;267;0.44;25.95;34;88061;
27636;2025-01-01T08:56:13;25;26;26;26;198;198;198;198;0.45;26.06;34;88067;
27637;2025-01-01T08:57:15;23;25;25;25;186;187;187;187;0.46;26.2;34;88070;
27638;2025-01-01T08:58:17;24;25;25;25;190;190;190;190;0.46;26.31;34;88068;
27639;2025-01-01T08:59:19;26;27;27;27;204;205;205;205;0.47;26.47;34;88063;
27640;2025-01-01T09:00:22;23;25;25;25;185;185;185;186;0.45;26.64;33;88070;
27641;2025-01-01T09:01:24;22;23;24;24;176;177;177;177;0.44;26.69;34;88065;
27642;2025-01-01T09:02:26;27;28;28;28;213;214;214;214;0.44;26.77;33;88066;
27643;2025-01-01T09:03:28;20;21;21;21;156;156;156;156;0.44;26.86;33;88069;
27644;2025-01-01T09:04:31;55;58;58;58;440;441;442;442;0.43;26.99;33;88062;
27645;2025-01-01T09:05:33;30;32;32;32;241;242;242;242;0.44;27.03;33;88062;
27646;2025-01-01T09:06:35;21;23;24;24;168;169;169;169;0.5;27.02;32;88063;
27647;2025-01-01T09:07:37;16;18;18;18;130;131;131;131;0.45;27.18;33;88063;
27648;2025-01-01T09:08:39;21;22;22;22;166;167;167;167;0.46;27.21;33;88064;
27649;2025-01-01T09:09:42;19;20;20;20;148;148;148;148;0.45;27.28;32;88063;
27650;2025-01-01T09:10:44;15;16;16;16;118;118;118;118;0.46;27.28;31;88058;
27651;2025-01-01T09:11:46;13;14;14;14;102;102;102;102;0.44;27.29;31;88059;
27652;2025-01-01T09:12:48;12;13;13;13;96;97;97;97;0.43;27.31;30;88061;
27653;2025-01-01T09:13:51;12;13;13;13;98;98;98;98;0.43;27.26;31;88063;
27654;2025-01-01T09:14:53;10;11;11;11;83;84;84;84;0.41;27.13;32;88067;
27655;2025-01-01T09:15:55;11;12;12;12;90;91;91;91;0.44;27.07;32;88070;
27656;2025-01-01T09:16:57;12;13;13;13;96;96;97;97;0.48;27.35;32;88066;
27657;2025-01-01T09:18:00;12;13;13;13;94;94;94;94;0.45;27.41;31;88073;
27658;2025-01-01T09:19:02;11;12;12;12;91;92;92;92;0.46;27.53;31;88064;
27659;2025-01-01T09:20:04;22;24;24;24;175;176;176;176;0.49;27.45;31;88062;
27660;2025-01-01T09:21:06;15;16;16;16;118;118;118;118;0.46;27.38;32;88065;
27661;2025-01-01T09:22:09;14;15;15;15;114;115;115;115;0.43;27.45;32;88064;
27662;2025-01-01T09:23:11;14;15;15;15;112;112;113;113;0.44;27.7;33;88065;
27663;2025-01-01T09:24:13;21;22;22;22;167;167;167;167;0.46;27.88;32;88062;
27664;2025-01-01T09:25:15;16;17;17;17;127;128;128;128;0.44;28.05;32;88063;
27665;2025-01-01T09:26:17;13;14;14;14;106;106;106;106;0.42;28.19;33;88068;
27666;2025-01-01T09:27:20;15;15;15;15;116;116;116;116;0.44;27.81;33;88069;
27667;2025-01-01T09:28:22;14;14;14;14;108;108;108;108;0.43;28.0;33;88067;
27668;2025-01-01T09:29:24;12;13;13;13;98;98;98;98;0.42;28.01;34;88066;
27669;2025-01-01T09:30:26;12;13;13;13;99;100;100;100;0.41;28.22;34;88073;
27670;2025-01-01T09:31:29;13;14;14;14;104;104;104;104;0.41;28.29;34;88068;
27671;2025-01-01T09:32:31;14;15;15;15;114;115;115;115;0.42;28.34;34;88064;
27672;2025-01-01T09:33:33;13;13;13;13;100;101;101;101;0.43;28.24;35;88066;
27673;2025-01-01T09:34:35;13;14;14;14;107;107;107;107;0.44;28.33;34;88065;
27674;2025-01-01T09:35:38;12;13;13;13;96;96;96;96;0.42;28.18;34;88059;
27675;2025-01-01T09:36:40;12;12;12;12;94;94;94;94;0.41;28.17;34;88062;
27676;2025-01-01T09:37:42;13;13;13;13;100;101;101;101;0.44;28.28;34;88062;
27677;2025-01-01T09:38:44;12;13;13;13;97;97;97;97;0.43;28.39;34;88064;
27678;2025-01-01T09:39:46;10;11;11;11;82;82;82;82;0.44;28.3;34;88058;
27679;2025-01-01T09:40:49;10;11;11;11;83;83;83;83;0.43;28.21;33;88060;
27680;2025-01-01T09:41:51;11;12;12;12;91;91;91;91;0.43;28.35;33;88049;
27681;2025-01-01T09:42:53;11;12;12;12;88;89;89;89;0.43;28.42;33;88056;
27682;2025-01-01T09:43:55;14;15;15;15;111;111;111;111;0.44;28.51;33;88054;
27683;2025-01-01T09:44:58;14;15;15;15;114;114;115;115;0.44;28.57;33;88056;
27684;2025-01-01T09:46:00;14;15;15;15;113;113;113;113;0.44;28.64;33;88063;
27685;2025-01-01T09:47:02;16;17;17;17;129;129;129;129;0.44;28.52;33;88058;
27686;2025-01-01T09:48:04;13;14;14;14;105;106;106;106;0.45;28.77;33;88051;
27687;2025-01-01T09:49:07;12;12;12;12;92;92;92;92;0.44;28.9;34;88054;
27688;2025-01-01T09:50:09;16;17;17;18;131;131;131;131;0.46;28.97;33;88044;
27689;2025-01-01T09:51:11;13;14;14;14;107;107;107;107;0.45;29.24;33;88042;
27690;2025-01-01T09:52:13;14;14;14;14;108;108;108;108;0.42;29.2;32;88048;
27691;2025-01-01T09:53:16;13;14;14;14;102;102;102;102;0.43;29.13;31;88043;
27692;2025-01-01T09:54:18;11;12;12;12;88;89;89;89;0.42;29.08;32;88046;
27693;2025-01-01T09:55:20;12;13;13;13;98;99;99;99;0.44;29.29;31;88038;
27694;2025-01-01T09:56:22;14;14;14;14;108;109;109;109;0.42;29.42;31;88050;
27695;2025-01-01T09:57:24;12;13;13;13;97;97;97;97;0.43;29.41;32;88046;
27696;2025-01-01T09:58:27;12;13;13;13;99;99;99;99;0.43;29.18;33;88042;
27697;2025-01-01T09:59:29;10;11;11;11;83;83;83;83;0.43;29.23;33;88049;
27698;2025-01-01T10:00:31;15;16;16;16;120;121;121;121;0.42;28.99;33;88045;
27699;2025-01-01T10:01:33;16;17;17;17;125;125;126;126;0.45;29.33;32;88044;
27700;2025-01-01T10:02:36;13;13;13;13;100;100;100;100;0.43;29.15;32;88046;
27701;2025-01-01T10:03:38;12;12;12;12;93;93;93;93;0.43;29.21;33;88041;
27702;2025-01-01T10:04:40;11;12;12;12;90;90;90;90;0.42;28.92;33;88043;
27703;2025-01-01T10:05:42;11;12;12;12;90;90;90;90;0.41;28.99;33;88045;
27704;2025-01-01T10:06:45;11;12;12;12;91;91;91;91;0.43;29.02;33;88046;
27705;2025-01-01T10:07:47;12;13;13;13;94;95;95;95;0.42;28.98;33;88046;
27706;2025-01-01T10:08:49;11;11;11;11;86;86;86;87;0.4;28.97;34;88048;
27707;2025-01-01T10:09:51;12;12;12;12;93;93;93;93;0.4;28.85;33;88042;
27708;2025-01-01T10:10:53;12;13;13;13;95;96;96;96;0.42;28.99;33;88041;
27709;2025-01-01T10:11:56;12;13;13;13;98;98;98;98;0.44;29.21;33;88044;
27710;2025-01-01T10:12:58;12;13;13;13;97;97;97;97;0.45;29.16;33;88043;
27711;2025-01-01T10:14:00;17;18;18;18;134;135;135;135;0.45;29.13;34;88038;
27712;2025-01-01T10:15:02;15;16;16;16;118;118;118;118;0.44;29.41;33;88032;
27713;2025-01-01T10:16:05;13;14;14;14;103;104;104;104;0.44;29.13;33;88041;
27714;2025-01-01T10:17:07;14;15;15;15;112;113;113;113;0.42;29.1;33;88041;
27715;2025-01-01T10:18:09;16;17;17;17;131;131;131;132;0.43;29.22;34;88037;
27716;2025-01-01T10:19:11;14;15;15;15;114;115;115;115;0.42;29.35;33;88039;
27717;2025-01-01T10:20:14;12;13;13;13;96;96;96;96;0.42;29.03;33;88036;
27718;2025-01-01T10:21:16;13;13;13;13;100;100;100;100;0.43;29.23;34;88030;
27719;2025-01-01T10:22:18;13;14;14;14;106;106;106;106;0.43;29.01;33;88034;
27720;2025-01-01T10:23:20;13;14;14;14;102;103;103;103;0.46;29.23;33;88035;
27721;2025-01-01T10:24:23;13;14;14;14;105;106;106;106;0.44;29.15;33;88035;
27722;2025-01-01T10:25:25;14;15;15;15;111;111;111;111;0.46;29.17;33;88038;
27723;2025-01-01T10:26:27;13;14;14;14;106;106;106;106;0.44;29.32;34;88037;
27724;2025-01-01T10:27:29;14;15;15;15;110;110;110;110;0.43;29.33;34;88022;
27725;2025-01-01T10:28:31;19;20;20;20;148;148;148;148;0.44;29.29;34;88038;
27726;2025-01-01T10:29:34;32;34;34;34;252;253;253;253;0.46;29.15;33;88025;
27727;2025-01-01T10:30:36;34;36;37;37;273;274;274;274;0.47;29.28;33;88026;
27728;2025-01-01T10:31:38;19;21;21;21;154;155;155;155;0.46;29.31;32;88028;
27729;2025-01-01T10:32:40;19;20;20;20;151;152;152;152;0.44;29.25;33;88019;
27730;2025-01-01T10:33:43;37;39;39;40;291;293;293;293;0.5;29.17;33;88027;
27731;2025-01-01T10:34:45;41;44;45;45;329;331;331;331;0.5;29.02;34;88024;
27732;2025-01-01T10:35:47;30;32;32;33;242;243;243;243;0.46;29.21;33;88019;
27733;2025-01-01T10:36:49;31;33;33;33;250;251;251;251;0.43;29.28;33;88025;
27734;2025-01-01T10:37:52;22;23;23;23;172;172;173;173;0.45;29.25;33;88019;
27735;2025-01-01T10:38:54;44;47;47;48;354;355;355;355;0.46;29.44;32;88014;
27736;2025-01-01T10:39:56;36;39;39;39;290;291;291;291;0.45;29.65;32;88012;
27737;2025-01-01T10:40:58;23;24;24;24;180;180;180;180;0.44;29.7;31;88010;
27738;2025-01-01T10:42:00;18;19;19;19;142;143;143;143;0.44;29.76;31;88010;
27739;2025-01-01T10:43:03;16;17;17;17;130;131;131;131;0.45;29.66;32;88008;
27740;2025-01-01T10:44:05;16;18;18;18;130;131;131;131;0.47;29.43;32;88004;
27741;2025-01-01T10:45:07;14;15;15;15;113;113;113;113;0.44;29.4;32;88003;
27742;2025-01-01T10:46:09;29;31;31;31;234;235;235;235;0.43;29.55;32;88002;
27743;2025-01-01T10:47:12;24;25;25;25;188;189;189;189;0.44;29.54;32;88009;
27744;2025-01-01T10:48:14;18;19;19;19;147;147;147;147;0.43;29.4;32;88003;
27745;2025-01-01T10:49:16;20;22;22;22;163;164;164;164;0.43;29.42;33;88003;
27746;2025-01-01T10:50:18;19;20;20;20;148;148;148;148;0.44;29.64;32;88000;
27747;2025-01-01T10:51:21;17;18;18;18;134;135;135;135;0.43;29.6;33;88006;
27748;2025-01-01T10:52:23;25;27;27;27;199;199;199;200;0.47;29.64;32;88003;
27749;2025-01-01T10:53:25;16;17;17;17;131;131;132;132;0.44;29.66;32;87994;
27750;2025-01-01T10:54:27;14;15;15;15;113;113;113;113;0.46;29.76;32;87994;
27751;2025-01-01T10:55:30;15;16;16;16;121;121;121;121;0.42;29.73;33;87992;
27752;2025-01-01T10:56:32;15;15;15;15;116;116;116;116;0.43;29.9;32;87994;
27753;2025-01-01T10:57:34;12;13;13;13;99;99;99;99;0.42;30.0;33;87994;
27754;2025-01-01T10:58:36;10;11;11;11;83;83;83;83;0.44;29.66;33;87983;
27755;2025-01-01T10:59:39;11;12;12;12;88;88;88;88;0.45;29.49;32;87980;
27756;2025-01-01T11:00:41;11;12;12;12;85;86;86;86;0.46;29.48;33;87976;
27757;2025-01-01T11:01:43;20;22;22;22;162;163;163;163;0.44;29.7;32;87978;
27758;2025-01-01T11:02:45;16;17;17;17;125;125;125;125;0.44;29.67;32;87970;
27759;2025-01-01T11:03:47;15;16;16;16;117;118;118;118;0.45;29.76;32;87974;
27760;2025-01-01T11:04:50;12;13;13;13;95;95;95;95;0.43;29.96;32;87969;
27761;2025-01-01T11:05:52;12;12;12;12;92;92;92;92;0.43;30.02;32;87972;
27762;2025-01-01T11:06:54;11;11;11;11;85;85;85;85;0.43;30.1;32;87966;
27763;2025-01-01T11:07:56;11;11;11;11;85;85;85;85;0.43;30.16;32;87962;
27764;2025-01-01T11:08:59;10;11;11;11;82;82;82;82;0.43;30.07;32;87962;
27765;2025-01-01T11:10:01;11;12;12;12;91;91;91;91;0.45;29.99;32;87967;
27766;2025-01-01T11:11:03;11;12;12;12;89;89;89;89;0.45;30.2;32;87962;
27767;2025-01-01T11:12:05;11;12;12;12;91;91;91;91;0.44;30.08;32;87960;
27768;2025-01-01T11:13:08;13;14;14;14;105;105;105;105;0.42;30.36;31;87959;
27769;2025-01-01T11:14:10;10;11;11;11;81;81;81;81;0.41;30.05;32;87953;
27770;2025-01-01T11:15:12;11;11;11;11;86;86;86;86;0.42;30.25;31;87952;
27771;2025-01-01T11:16:14;10;11;11;11;81;81;81;81;0.41;30.14;32;87954;
27772;2025-01-01T11:17:17;10;10;10;10;79;79;79;79;0.41;30.17;32;87953;
27773;2025-01-01T11:18:19;10;11;11;11;82;83;83;83;0.42;29.89;31;87948;
27774;2025-01-01T11:19:21;12;13;13;13;95;95;95;95;0.41;30.23;32;87947;
27775;2025-01-01T11:20:23;12;13;13;13;95;95;95;95;0.42;30.29;31;87942;
27776;2025-01-01T11:21:25;13;14;14;14;105;105;105;105;0.46;30.24;32;87951;
27777;2025-01-01T11:22:28;14;15;15;15;108;109;109;109;0.46;29.85;31;87945;
27778;2025-01-01T11:23:30;13;14;14;14;101;101;101;101;0.45;29.98;31;87949;
27779;2025-01-01T11:24:32;12;13;13;13;96;96;96;96;0.43;30.05;31;87934;
27780;2025-01-01T11:25:34;16;17;17;17;126;127;127;127;0.46;30.11;31;87945;
27781;2025-01-01T11:26:37;15;15;16;16;116;116;116;116;0.45;30.21;31;87941;
27782;2025-01-01T11:27:39;14;15;15;15;115;115;115;115;0.42;30.32;32;87929;
27783;2025-01-01T11:28:41;16;17;17;17;130;131;131;131;0.42;30.46;31;87931;
27784;2025-01-01T11:29:43;15;15;15;15;116;117;117;117;0.43;30.3;31;87926;
27785;2025-01-01T11:30:46;14;15;15;15;115;115;116;116;0.44;30.42;30;87926;
27786;2025-01-01T11:31:48;14;15;15;15;109;110;110;110;0.45;30.08;30;87927;
27787;2025-01-01T11:32:50;15;16;16;16;116;117;117;117;0.47;30.15;31;87927;
27788;2025-01-01T11:33:52;17;18;19;19;137;137;137;137;0.45;30.31;30;87928;
27789;2025-01-01T11:34:55;13;14;14;14;102;102;102;102;0.42;30.05;31;87917;
27790;2025-01-01T11:35:57;15;16;16;16;117;117;117;117;0.41;30.12;31;87916;
27791;2025-01-01T11:36:59;16;16;16;16;124;124;125;125;0.42;30.26;30;87923;
27792;2025-01-01T11:38:01;14;15;15;15;114;115;115;115;0.43;30.27;30;87922;
27793;2025-01-01T11:39:03;17;19;19;19;136;137;137;137;0.47;30.45;30;87913;
27794;2025-01-01T11:40:06;15;16;16;16;117;117;117;117;0.45;30.39;30;87927;
27795;2025-01-01T11:41:08;14;15;15;15;114;115;115;115;0.45;30.38;30;87920;
27796;2025-01-01T11:42:10;13;14;14;14;102;103;103;103;0.47;30.27;31;87905;
27797;2025-01-01T11:43:12;12;12;13;13;92;93;93;93;0.46;30.35;30;87910;
27798;2025-01-01T11:44:15;11;12;12;12;89;90;90;90;0.48;30.04;31;87910;
27799;2025-01-01T11:45:17;12;13;13;13;98;98;98;98;0.46;30.23;31;87899;
27800;2025-01-01T11:46:19;13;14;14;14;102;103;103;103;0.46;30.37;30;87902;
27801;2025-01-01T11:47:21;14;15;15;16;115;116;116;116;0.44;30.34;29;87904;
27802;2025-01-01T11:48:24;13;13;13;13;100;100;100;100;0.44;30.41;29;87894;
27803;2025-01-01T11:49:26;11;12;12;12;90;90;90;90;0.43;30.3;30;87892;
27804;2025-01-01T11:50:28;10;10;10;10;77;77;77;77;0.44;30.33;30;87897;
27805;2025-01-01T11:51:30;10;11;11;11;80;80;80;80;0.44;29.99;31;87884;
27806;2025-01-01T11:52:33;11;12;12;12;88;88;88;88;0.43;29.99;31;87890;
27807;2025-01-01T11:53:35;13;14;14;14;103;103;103;103;0.42;30.1;30;87880;
27808;2025-01-01T11:54:37;13;14;14;14;102;102;103;103;0.43;30.19;29;87883;
27809;2025-01-01T11:55:39;15;16;16;16;118;118;118;118;0.46;30.17;30;87881;
27810;2025-01-01T11:56:41;12;14;14;14;99;100;100;100;0.45;29.95;30;87883;
27811;2025-01-01T11:57:44;13;13;13;13;101;101;101;101;0.44;30.25;31;87877;
27812;2025-01-01T11:58:46;12;13;13;13;97;97;97;97;0.44;30.28;30;87882;
27813;2025-01-01T11:59:48;11;12;12;12;88;88;88;88;0.47;30.33;30;87875;
27814;2025-01-01T12:00:50;17;18;18;18;138;138;138;138;0.44;30.45;30;87876;
27815;2025-01-01T12:01:53;13;14;14;14;107;108;108;108;0.44;30.41;30;87874;
27816;2025-01-01T12:02:55;12;13;13;13;97;98;98;98;0.46;30.53;30;87874;
27817;2025-01-01T12:03:57;12;13;13;13;99;99;99;99;0.45;30.5;30;87870;
27818;2025-01-01T12:04:59;11;11;11;11;84;84;84;84;0.43;30.5;30;87865;
27819;2025-01-01T12:06:02;13;13;13;13;101;102;102;102;0.44;30.5;31;87875;
27820;2025-01-01T12:07:04;12;13;13;13;95;96;96;96;0.44;30.3;30;87873;
27821;2025-01-01T12:08:06;12;13;13;13;94;95;95;95;0.48;30.52;30;87865;
27822;2025-01-01T12:09:08;12;13;13;13;94;94;94;94;0.46;30.15;29;87874;
27823;2025-01-01T12:10:11;13;14;15;15;102;103;103;103;0.47;30.31;29;87863;
27824;2025-01-01T12:11:13;13;14;14;14;100;101;101;101;0.47;30.25;29;87858;
27825;2025-01-01T12:12:15;10;11;11;11;83;83;83;83;0.44;30.3;29;87860;
27826;2025-01-01T12:13:17;11;12;12;12;87;87;87;87;0.41;30.06;30;87854;
27827;2025-01-01T12:14:19;11;12;12;12;87;87;88;88;0.41;30.09;29;87856;
27828;2025-01-01T12:15:22;13;14;14;14;103;104;104;104;0.42;30.22;29;87856;
27829;2025-01-01T12:16:24;13;13;13;13;101;101;101;101;0.42;30.33;29;87847;
27830;2025-01-01T12:17:26;13;13;13;13;100;101;101;101;0.43;30.37;29;87856;
27831;2025-01-01T12:18:28;12;13;13;13;97;98;98;98;0.43;30.43;30;87849;
27832;2025-01-01T12:19:31;15;16;16;16;119;119;119;119;0.44;30.68;28;87838;
27833;2025-01-01T12:20:33;13;14;14;14;107;107;107;107;0.44;30.56;27;87844;
27834;2025-01-01T12:21:35;13;13;13;13;101;101;101;101;0.43;30.39;27;87838;
27835;2025-01-01T12:22:37;11;12;12;12;87;87;87;87;0.43;30.35;28;87841;
27836;2025-01-01T12:23:40;15;16;16;16;118;118;118;118;0.43;30.4;27;87845;
27837;2025-01-01T12:24:42;14;15;15;15;109;110;110;110;0.43;30.32;28;87840;
27838;2025-01-01T12:25:44;13;14;14;14;107;107;107;107;0.42;30.42;27;87828;
27839;2025-01-01T12:26:46;15;16;16;16;122;123;123;123;0.4;30.39;28;87833;
27840;2025-01-01T12:27:48;17;18;18;18;132;133;133;133;0.41;30.38;28;87831;
27841;2025-01-01T12:28:51;18;19;19;19;141;141;141;141;0.44;30.39;28;87827;
27842;2025-01-01T12:29:53;17;18;18;18;134;134;134;134;0.45;30.17;29;87836;
27843;2025-01-01T12:30:55;21;22;22;22;164;165;165;165;0.46;30.25;28;87842;
27844;2025-01-01T12:31:57;16;17;17;17;125;126;126;126;0.43;30.18;28;87829;
27845;2025-01-01T12:33:00;12;13;13;13;95;95;95;95;0.41;30.07;28;87823;
27846;2025-01-01T12:34:02;15;16;16;16;120;120;120;120;0.43;30.01;28;87831;
27847;2025-01-01T12:35:04;12;13;13;13;99;100;100;100;0.45;30.0;28;87818;
27848;2025-01-01T12:36:06;10;11;11;11;80;81;81;81;0.44;30.02;28;87816;
27849;2025-01-01T12:37:09;17;18;19;19;137;138;138;138;0.46;30.06;28;87816;
27850;2025-01-01T12:38:11;15;16;16;16;120;120;120;120;0.46;29.85;27;87818;
27851;2025-01-01T12:39:13;15;16;16;16;121;121;121;121;0.42;30.05;27;87812;
27852;2025-01-01T12:40:15;13;14;14;14;103;103;103;103;0.43;30.17;27;87816;
27853;2025-01-01T12:41:18;12;13;13;13;97;97;97;97;0.43;29.93;26;87809;
27854;2025-01-01T12:42:20;11;12;12;12;87;87;87;87;0.45;29.89;28;87798;
27855;2025-01-01T12:43:22;12;13;13;13;96;96;96;96;0.44;30.2;27;87802;
27856;2025-01-01T12:44:24;11;11;11;11;87;87;87;87;0.43;29.87;27;87799;
27857;2025-01-01T12:45:26;10;11;11;11;81;81;81;81;0.44;30.06;27;87794;
27858;2025-01-01T12:46:29;10;11;11;11;83;83;83;83;0.42;29.97;26;87798;
27859;2025-01-01T12:47:31;10;10;10;10;76;76;76;76;0.41;30.03;25;87790;
27860;2025-01-01T12:48:33;10;10;10;10;76;76;76;76;0.42;30.2;26;87787;
27861;2025-01-01T12:49:35;10;11;11;11;83;83;83;83;0.42;30.21;23;87786;
27862;2025-01-01T12:50:38;11;12;12;12;87;88;88;88;0.42;30.04;25;87779;
27863;2025-01-01T12:51:40;23;24;24;24;184;185;185;185;0.4;30.05;25;87781;
27864;2025-01-01T12:52:42;25;26;26;26;199;199;200;200;0.42;30.05;25;87776;
27865;2025-01-01T12:53:44;30;32;32;32;242;243;243;243;0.41;29.88;24;87770;
27866;2025-01-01T12:54:47;21;23;23;23;170;170;170;171;0.43;29.86;23;87784;
27867;2025-01-01T12:55:49;14;15;15;15;112;112;113;113;0.43;29.9;22;87775;
27868;2025-01-01T12:56:51;11;12;12;12;88;88;88;88;0.41;29.94;22;87777;
27869;2025-01-01T12:57:53;15;15;15;15;116;116;116;116;0.44;30.14;23;87765;
27870;2025-01-01T12:58:55;12;12;12;12;92;92;92;92;0.43;30.15;24;87761;
27871;2025-01-01T12:59:58;9;10;10;10;75;75;75;75;0.43;29.94;22;87766;
27872;2025-01-01T13:01:00;11;12;12;12;88;88;88;88;0.43;29.98;23;87754;
27873;2025-01-01T13:02:02;12;12;12;12;93;94;94;94;0.44;30.16;24;87756;
27874;2025-01-01T13:03:04;12;12;12;12;93;93;93;93;0.43;30.29;24;87761;
27875;2025-01-01T13:04:07;13;14;14;14;107;107;107;107;0.43;30.2;24;87748;
27876;2025-01-01T13:05:09;11;11;11;11;87;87;87;87;0.43;30.38;24;87754;
27877;2025-01-01T13:06:11;12;13;13;13;97;98;98;98;0.43;30.47;24;87749;
27878;2025-01-01T13:07:13;11;12;12;12;89;90;90;90;0.41;30.4;23;87751;
27879;2025-01-01T13:08:16;10;10;10;10;76;76;76;76;0.41;30.16;21;87757;
27880;2025-01-01T13:09:18;8;9;9;9;65;65;65;65;0.41;30.33;22;87745;
27881;2025-01-01T13:10:20;9;9;9;9;69;69;69;69;0.42;30.37;23;87747;
27882;2025-01-01T13:11:22;11;12;12;12;91;92;92;92;0.43;30.31;22;87747;
27883;2025-01-01T13:12:25;11;12;12;12;91;91;91;91;0.42;30.46;22;87737;
27884;2025-01-01T13:13:27;13;13;13;13;100;100;100;100;0.4;30.37;22;87741;
27885;2025-01-01T13:14:29;11;12;12;12;87;87;87;87;0.41;30.45;23;87741;
27886;2025-01-01T13:15:31;9;10;10;10;73;73;73;73;0.4;30.5;23;87745;
27887;2025-01-01T13:16:33;10;11;11;11;81;82;82;82;0.41;30.51;22;87738;
27888;2025-01-01T13:17:36;11;11;11;11;86;86;86;86;0.41;30.5;23;87736;
27889;2025-01-01T13:18:38;13;14;14;14;107;108;108;108;0.42;30.53;23;87740;
27890;2025-01-01T13:19:40;16;17;17;17;130;130;130;130;0.44;30.73;23;87739;
27891;2025-01-01T13:20:42;11;12;12;12;89;89;89;89;0.42;30.68;23;87733;
27892;2025-01-01T13:21:45;11;11;11;11;86;86;86;86;0.41;30.48;23;87728;
27893;2025-01-01T13:22:47;14;15;15;15;113;114;114;114;0.39;30.54;22;87731;
27894;2025-01-01T13:23:49;10;10;10;10;79;79;79;79;0.41;30.45;23;87724;
27895;2025-01-01T13:24:51;10;10;10;10;77;77;77;77;0.41;30.5;22;87728;
27896;2025-01-01T13:25:54;10;10;10;10;79;79;79;79;0.42;30.53;23;87733;
27897;2025-01-01T13:26:56;15;16;16;16;123;123;123;124;0.42;30.6;22;87730;
27898;2025-01-01T13:27:58;10;11;11;11;82;83;83;83;0.41;30.44;23;87722;
27899;2025-01-01T13:29:00;10;10;10;10;77;78;78;78;0.41;30.48;23;87717;
27900;2025-01-01T13:30:02;9;10;10;10;73;73;73;73;0.42;30.44;22;87712;
27901;2025-01-01T13:31:05;10;11;11;11;82;83;83;83;0.42;30.32;22;87718;
27902;2025-01-01T13:32:07;12;13;13;13;94;94;94;94;0.41;30.41;23;87716;
27903;2025-01-01T13:33:09;12;13;13;13;97;98;98;98;0.39;30.46;23;87717;
27904;2025-01-01T13:34:11;18;19;19;19;141;142;142;142;0.4;30.53;23;87713;
27905;2025-01-01T13:35:14;19;20;20;20;150;151;151;151;0.44;30.57;23;87719;
27906;2025-01-01T13:36:16;17;18;18;18;137;137;137;137;0.43;30.64;23;87722;
27907;2025-01-01T13:37:18;19;20;20;20;149;150;150;150;0.42;30.72;23;87710;
27908;2025-01-01T13:38:20;12;13;13;13;99;99;99;99;0.42;30.61;23;87710;
27909;2025-01-01T13:39:23;11;12;12;12;87;87;87;87;0.42;30.44;22;87708;
27910;2025-01-01T13:40:25;10;10;10;10;78;78;78;78;0.41;30.35;22;87705;
27911;2025-01-01T13:41:27;11;11;11;11;85;85;85;85;0.42;30.35;22;87717;
27912;2025-01-01T13:42:29;10;11;11;11;80;81;81;81;0.41;30.31;22;87708;
27913;2025-01-01T13:43:31;19;20;20;20;152;152;152;152;0.42;30.37;23;87702;
27914;2025-01-01T13:44:34;15;15;15;15;116;116;116;116;0.42;30.39;23;87705;
27915;2025-01-01T13:45:36;15;16;16;16;118;118;118;118;0.42;30.36;23;87696;
27916;2025-01-01T13:46:38;13;14;14;14;104;104;104;104;0.42;30.48;23;87706;
27917;2025-01-01T13:47:40;18;19;19;19;144;145;145;145;0.43;30.35;22;87694;
27918;2025-01-01T13:48:43;18;19;19;19;146;147;147;147;0.42;30.48;22;87701;
27919;2025-01-01T13:49:45;18;19;19;19;143;143;143;143;0.42;30.47;22;87697;
27920;2025-01-01T13:50:47;15;16;16;16;117;117;117;117;0.42;30.45;22;87693;
27921;2025-01-01T13:51:49;11;11;11;11;85;85;86;86;0.43;30.4;22;87686;
27922;2025-01-01T13:52:52;11;12;12;12;90;91;91;91;0.45;30.46;21;87692;
27923;2025-01-01T13:53:54;12;12;12;12;91;92;92;92;0.46;30.57;21;87685;
27924;2025-01-01T13:54:56;11;11;11;11;86;86;86;86;0.44;30.66;21;87686;
27925;2025-01-01T13:55:58;10;11;11;11;80;80;80;80;0.44;30.56;21;87684;
27926;2025-01-01T13:57:00;12;12;12;12;93;93;93;93;0.46;30.55;21;87682;
27927;2025-01-01T13:58:03;10;11;11;11;82;82;82;83;0.44;30.69;21;87684;
27928;2025-01-01T13:59:05;10;10;10;10;78;79;79;79;0.42;30.66;21;87680;
27929;2025-01-01T14:00:07;12;13;13;13;94;94;94;94;0.44;30.63;20;87683;
27930;2025-01-01T14:01:09;13;13;13;13;100;101;101;101;0.47;30.68;20;87677;
27931;2025-01-01T14:02:12;10;10;10;10;76;76;77;77;0.47;30.68;20;87672;
27932;2025-01-01T14:03:14;8;8;8;8;64;64;64;64;0.43;30.73;20;87679;
27933;2025-01-01T14:04:16;11;11;11;11;85;86;86;86;0.43;30.71;20;87676;
27934;2025-01-01T14:05:18;9;10;10;10;73;73;73;73;0.45;30.63;21;87671;
27935;2025-01-01T14:06:21;8;9;9;9;67;68;68;68;0.44;30.59;21;87677;
27936;2025-01-01T14:07:23;9;10;10;10;72;72;72;72;0.42;30.77;21;87679;
27937;2025-01-01T14:08:25;8;9;9;9;64;64;64;64;0.43;30.72;21;87671;
27938;2025-01-01T14:09:27;11;12;12;12;89;89;89;89;0.43;30.81;22;87667;
27939;2025-01-01T14:10:30;15;15;15;15;116;117;117;117;0.44;30.87;22;87670;
27940;2025-01-01T14:11:32;19;20;20;20;151;152;152;152;0.46;30.89;21;87668;
27941;2025-01-01T14:12:34;13;14;14;14;104;104;104;104;0.44;30.89;20;87671;
27942;2025-01-01T14:13:36;13;14;14;14;105;106;106;106;0.45;30.91;20;87666;
27943;2025-01-01T14:14:38;18;19;19;19;144;145;145;145;0.42;30.95;20;87670;
27944;2025-01-01T14:15:41;13;14;14;14;102;103;103;103;0.41;30.93;21;87659;
27945;2025-01-01T14:16:43;9;10;10;10;73;73;73;73;0.42;31.02;21;87665;
27946;2025-01-01T14:17:45;11;12;12;12;87;87;87;87;0.42;31.0;21;87660;
27947;2025-01-01T14:18:47;19;20;20;20;154;154;154;154;0.42;31.03;21;87659;
27948;2025-01-01T14:19:50;15;16;16;16;120;120;120;120;0.44;30.97;21;87656;
27949;2025-01-01T14:20:52;12;12;12;12;92;93;93;93;0.44;31.06;21;87663;
27950;2025-01-01T14:21:54;9;9;9;9;68;69;69;69;0.42;30.94;21;87652;
27951;2025-01-01T14:22:56;9;9;9;9;68;68;68;68;0.42;30.95;21;87650;
27952;2025-01-01T14:23:59;10;10;10;10;76;76;76;76;0.4;30.94;20;87655;
27953;2025-01-01T14:25:01;7;8;8;8;60;60;60;60;0.42;30.99;21;87648;
27954;2025-01-01T14:26:03;8;9;9;9;67;67;67;67;0.41;31.08;21;87649;
27955;2025-01-01T14:27:05;9;9;9;9;69;69;69;69;0.42;31.17;22;87644;
27956;2025-01-01T14:28:07;10;10;10;10;78;78;78;78;0.45;31.27;22;87646;
27957;2025-01-01T14:29:10;8;8;8;8;61;61;62;62;0.46;31.3;21;87642;
27958;2025-01-01T14:30:12;8;9;9;9;63;64;64;64;0.47;31.4;21;87642;
27959;2025-01-01T14:31:14;8;8;9;9;62;62;62;62;0.46;31.34;21;87642;
27960;2025-01-01T14:32:16;7;7;7;7;52;52;52;52;0.45;31.43;21;87632;
27961;2025-01-01T14:33:19;9;9;9;9;70;70;70;70;0.44;31.42;21;87635;
27962;2025-01-01T14:34:21;8;8;8;8;62;63;63;63;0.44;31.4;21;87633;
27963;2025-01-01T14:35:23;8;9;9;9;66;66;66;66;0.45;31.57;21;87625;
27964;2025-01-01T14:36:25;8;9;9;9;66;66;67;67;0.44;31.71;21;87633;
27965;2025-01-01T14:37:27;9;9;9;9;69;69;69;69;0.44;31.61;21;87632;
27966;2025-01-01T14:38:30;8;8;8;8;61;61;61;61;0.44;31.55;20;87629;
27967;2025-01-01T14:39:32;9;10;10;10;70;70;70;70;0.47;31.6;20;87627;
27968;2025-01-01T14:40:34;10;11;11;11;79;80;80;80;0.48;31.66;21;87633;
27969;2025-01-01T14:41:36;9;10;10;10;71;72;72;72;0.47;31.66;21;87625;
27970;2025-01-01T14:42:39;8;9;9;9;67;67;67;67;0.47;31.53;21;87621;
27971;2025-01-01T14:43:41;8;8;8;8;62;62;62;62;0.44;31.78;21;87618;
27972;2025-01-01T14:44:43;7;8;8;8;59;59;59;59;0.44;31.55;20;87612;
27973;2025-01-01T14:45:45;8;8;8;8;63;63;63;63;0.43;31.68;21;87615;
27974;2025-01-01T14:46:47;9;9;9;9;70;70;70;70;0.44;31.81;21;87619;
27975;2025-01-01T14:47:50;10;11;11;11;81;82;82;82;0.45;31.77;21;87614;
27976;2025-01-01T14:48:52;8;8;8;8;62;63;63;63;0.44;31.87;21;87610;
27977;2025-01-01T14:49:54;7;8;8;8;59;59;59;59;0.42;31.9;21;87606;
27978;2025-01-01T14:50:56;8;9;9;10;67;67;67;67;0.47;32.01;20;87613;
27979;2025-01-01T14:51:59;9;10;10;10;69;70;70;70;0.46;32.1;20;87609;
27980;2025-01-01T14:53:01;8;9;10;10;67;67;67;67;0.49;32.15;20;87610;
27981;2025-01-01T14:54:03;8;9;9;10;63;64;64;64;0.5;32.09;20;87613;
27982;2025-01-01T14:55:05;7;8;8;8;57;57;57;57;0.46;32.24;19;87616;
27983;2025-01-01T14:56:08;7;7;7;7;55;55;55;55;0.43;32.32;19;87616;
27984;2025-01-01T14:57:10;8;8;8;8;61;61;61;61;0.44;32.43;20;87603;
27985;2025-01-01T14:58:12;8;8;8;8;63;63;63;63;0.43;32.5;18;87604;
27986;2025-01-01T14:59:14;9;10;10;10;72;72;72;72;0.45;32.58;18;87606;
27987;2025-01-01T15:00:16;7;8;8;8;59;59;59;59;0.45;32.67;19;87602;
27988;2025-01-01T15:01:19;7;7;7;7;52;52;52;52;0.46;32.82;18;87599;
27989;2025-01-01T15:02:21;7;8;8;8;58;58;58;58;0.46;32.88;19;87596;
27990;2025-01-01T15:03:23;8;9;9;9;67;67;67;67;0.46;32.97;19;87600;
27991;2025-01-01T15:04:25;8;8;9;9;62;63;63;63;0.45;32.98;19;87599;
27992;2025-01-01T15:05:28;7;8;8;8;57;57;57;57;0.45;32.86;19;87594;
27993;2025-01-01T15:06:30;10;10;10;10;76;76;76;76;0.46;33.07;19;87600;
27994;2025-01-01T15:07:32;10;11;11;11;82;82;82;82;0.46;33.1;19;87591;
27995;2025-01-01T15:08:34;9;10;10;10;72;72;72;72;0.44;33.1;19;87593;
27996;2025-01-01T15:09:37;8;9;9;9;67;67;67;67;0.42;33.24;19;87589;
27997;2025-01-01T15:10:39;9;10;10;10;72;73;73;73;0.44;33.21;19;87588;
27998;2025-01-01T15:11:41;10;11;11;11;79;79;79;79;0.45;33.26;19;87594;
27999;2025-01-01T15:12:43;8;8;8;8;62;62;62;63;0.45;33.36;19;87594;
28000;2025-01-01T15:13:45;9;10;10;10;72;72;72;72;0.46;33.47;20;87582;
28001;2025-01-01T15:14:48;9;10;10;10;67;68;68;68;0.49;33.36;19;87589;
28002;2025-01-01T15:15:50;7;8;8;8;59;59;59;59;0.45;33.39;19;87582;
28003;2025-01-01T15:16:52;8;8;8;8;61;61;61;61;0.46;33.57;19;87587;
28004;2025-01-01T15:17:54;6;7;7;7;50;50;50;50;0.45;33.35;19;87587;
28005;2025-01-01T15:18:57;6;7;7;7;51;51;51;51;0.44;33.77;18;87588;
28006;2025-01-01T15:19:59;8;8;8;8;61;61;61;61;0.44;33.73;18;87585;
28007;2025-01-01T15:21:01;8;9;9;9;65;65;65;65;0.45;33.86;19;87581;
28008;2025-01-01T15:22:03;9;10;10;10;71;72;72;72;0.46;33.92;19;87590;
28009;2025-01-01T15:23:06;9;10;10;10;74;74;74;74;0.44;33.98;19;87583;
28010;2025-01-01T15:24:08;9;9;9;9;68;68;68;68;0.46;34.27;18;87577;
28011;2025-01-01T15:25:10;8;9;9;9;64;65;65;65;0.47;34.47;19;87577;
28012;2025-01-01T15:26:12;8;9;9;10;63;63;63;63;0.48;34.62;19;87577;
28013;2025-01-01T15:27:14;10;11;11;11;75;76;76;76;0.48;34.78;18;87579;
28014;2025-01-01T15:28:17;8;9;9;9;61;62;62;62;0.49;34.63;18;87571;
28015;2025-01-01T15:29:19;8;8;9;9;60;61;61;61;0.48;34.88;18;87573;
28016;2025-01-01T15:30:21;8;8;8;8;60;61;61;61;0.46;34.96;19;87576;
28017;2025-01-01T15:31:23;9;10;11;11;74;75;75;75;0.48;35.02;18;87569;
28018;2025-01-01T15:32:26;8;9;10;10;65;66;66;66;0.49;35.06;18;87572;
28019;2025-01-01T15:33:28;9;10;11;11;70;71;71;71;0.49;35.34;18;87571;
28020;2025-01-01T15:34:30;8;9;10;10;63;63;64;64;0.49;35.55;18;87577;
28021;2025-01-01T15:35:32;8;9;10;10;66;67;67;67;0.45;35.59;18;87576;
28022;2025-01-01T15:36:34;9;10;10;10;71;72;72;72;0.45;35.69;17;87568;
28023;2025-01-01T15:37:37;8;9;10;10;66;67;67;67;0.49;36.01;18;87571;
