counter;datetime;PM1;PM2_5;PM4;PM10;NumPM1;NumPM2_5;NumPM4;NumPM10;PartSize;tempC;humidity;pressure
9266;2024-11-01T00:01:00;13;13;13;13;111;112;112;112;0.53;22.99;78;88270
9267;2024-11-01T00:02:01;13;14;14;14;113;113;113;113;0.51;22.97;78;88278
9268;2024-11-01T00:03:02;11;12;12;12;96;97;97;97;0.51;22.97;78;88278
9269;2024-11-01T00:04:04;9;9;9;9;73;73;73;73;0.53;22.66;75;88264
9270;2024-11-01T00:05:05;5;5;5;5;44;44;44;44;0.53;21.91;76;88251
9271;2024-11-01T00:06:07;3;3;3;3;27;27;27;27;0.53;21.9;77;88241
9272;2024-11-01T00:07:08;3;3;3;3;25;25;25;25;0.55;22.23;77;88225
9273;2024-11-01T00:08:10;3;3;3;3;27;27;27;27;0.56;22.28;75;88216
9274;2024-11-01T00:09:11;3;3;3;3;23;23;23;23;0.57;22.33;74;88217
9275;2024-11-01T00:10:13;2;2;2;2;18;18;18;18;0.58;22.21;74;88239
9276;2024-11-01T00:11:14;2;2;2;2;14;14;14;14;0.58;21.78;75;88246
9277;2024-11-01T00:12:16;2;2;2;2;13;13;13;13;0.59;21.69;76;88250
9278;2024-11-01T00:13:17;2;2;2;2;14;14;14;14;0.58;21.63;77;88243
9279;2024-11-01T00:14:19;1;1;1;1;10;10;10;10;0.58;21.58;76;88245
9280;2024-11-01T00:15:20;2;2;2;2;16;16;16;16;0.57;21.59;76;88254
9281;2024-11-01T00:16:22;2;2;2;2;15;15;15;15;0.58;21.37;79;88250
9282;2024-11-01T00:17:23;2;2;2;2;15;15;15;15;0.59;21.31;78;88252
9283;2024-11-01T00:18:25;2;2;2;2;17;17;17;17;0.61;21.28;79;88256
9284;2024-11-01T00:19:26;2;2;2;2;14;14;14;14;0.62;21.49;79;88260
9285;2024-11-01T00:20:27;2;2;3;3;19;19;19;19;0.6;21.47;78;88275
9286;2024-11-01T00:21:29;3;3;3;3;22;22;22;22;0.6;21.38;78;88273
9287;2024-11-01T00:22:30;2;3;3;3;19;19;19;19;0.6;21.33;79;88280
9288;2024-11-01T00:23:32;2;3;3;3;20;20;20;20;0.6;21.42;78;88295
9289;2024-11-01T00:24:33;3;3;3;3;23;23;23;23;0.61;20.92;80;88295
9290;2024-11-01T00:25:35;3;3;4;4;26;26;26;26;0.61;20.75;81;88301
9291;2024-11-01T00:26:36;3;3;3;4;24;24;25;25;0.62;20.62;82;88293
9292;2024-11-01T00:27:38;3;3;4;4;24;25;25;25;0.63;20.49;81;88302
9293;2024-11-01T00:28:39;3;4;4;4;27;28;28;28;0.64;20.26;83;88303
9294;2024-11-01T00:29:41;3;3;3;3;23;23;23;23;0.62;20.02;83;88303
9295;2024-11-01T00:30:42;2;2;2;3;17;18;18;18;0.63;20.02;82;88308
9296;2024-11-01T00:31:44;2;2;3;3;18;18;18;18;0.64;20.01;83;88304
9297;2024-11-01T00:32:45;2;3;3;3;20;20;20;20;0.64;20.28;82;88317
9298;2024-11-01T00:33:47;2;2;3;3;18;18;18;18;0.65;20.21;82;88308
9299;2024-11-01T00:34:48;2;2;3;3;18;18;18;18;0.64;20.31;82;88317
9300;2024-11-01T00:35:49;2;2;2;3;17;18;18;18;0.63;20.49;82;88306
9301;2024-11-01T00:36:51;2;2;3;3;18;19;19;19;0.65;20.27;81;88314
9302;2024-11-01T00:37:52;2;3;3;3;19;19;19;19;0.65;20.15;83;88308
9303;2024-11-01T00:38:54;2;2;2;2;15;15;15;15;0.63;20.0;81;88310
9304;2024-11-01T00:39:55;2;2;2;2;13;13;13;13;0.63;20.13;83;88313
9305;2024-11-01T00:40:57;2;2;2;2;13;14;14;14;0.63;20.05;83;88312
9306;2024-11-01T00:41:58;2;2;2;2;14;14;14;14;0.63;20.17;82;88315
9307;2024-11-01T00:43:00;2;2;2;2;17;17;17;17;0.65;20.14;84;88315
9308;2024-11-01T00:44:01;2;2;3;3;18;18;18;18;0.66;19.92;84;88302
9309;2024-11-01T00:45:03;2;2;2;2;16;16;16;16;0.66;19.97;84;88301
9310;2024-11-01T00:46:04;2;2;2;3;18;18;18;18;0.63;19.9;84;88302
9311;2024-11-01T00:47:06;2;2;2;2;18;18;18;18;0.62;20.15;83;88307
9312;2024-11-01T00:48:07;2;3;3;3;20;20;20;20;0.6;20.32;83;88307
9313;2024-11-01T00:49:09;3;3;3;4;25;25;25;25;0.63;20.17;85;88292
9314;2024-11-01T00:50:10;4;5;5;6;33;34;34;34;0.67;20.45;83;88299
9315;2024-11-01T00:51:12;4;5;5;5;30;31;31;31;0.67;20.26;83;88298
9316;2024-11-01T00:52:13;3;4;4;5;26;27;27;27;0.67;20.42;83;88295
9317;2024-11-01T00:53:14;4;5;5;5;30;31;31;31;0.67;20.44;83;88287
9318;2024-11-01T00:54:16;3;4;4;4;24;25;25;25;0.66;20.45;83;88288
9319;2024-11-01T00:55:17;3;4;4;4;25;25;25;25;0.63;20.33;83;88281
9320;2024-11-01T00:56:19;3;4;4;4;26;26;27;27;0.61;20.45;83;88285
9321;2024-11-01T00:57:20;3;3;4;4;26;26;26;26;0.61;20.56;83;88287
9322;2024-11-01T00:58:22;3;4;4;4;27;27;27;27;0.6;20.28;84;88291
9323;2024-11-01T00:59:23;2;3;3;3;21;21;21;21;0.6;20.49;83;88287
9324;2024-11-01T01:00:25;3;3;3;3;23;23;23;23;0.59;20.64;82;88293
9325;2024-11-01T01:01:26;3;3;3;3;27;27;27;27;0.61;20.75;82;88293
9326;2024-11-01T01:02:28;3;4;4;4;28;28;28;28;0.6;20.76;82;88288
9327;2024-11-01T01:03:29;3;4;4;4;29;29;29;29;0.61;20.67;82;88286
9328;2024-11-01T01:04:31;3;3;3;3;25;25;25;25;0.61;20.62;83;88288
9329;2024-11-01T01:05:32;3;3;3;3;24;24;24;24;0.6;20.66;82;88280
9330;2024-11-01T01:06:34;3;3;4;4;26;27;27;27;0.58;20.63;83;88289
9331;2024-11-01T01:07:35;3;3;3;3;24;24;24;24;0.57;20.69;83;88281
9332;2024-11-01T01:08:37;3;3;3;3;24;24;24;24;0.57;20.67;84;88276
9333;2024-11-01T01:09:38;3;3;3;3;26;26;26;26;0.58;20.64;83;88285
9334;2024-11-01T01:10:39;3;3;3;3;25;25;25;25;0.57;20.76;83;88288
9335;2024-11-01T01:11:41;3;3;3;3;24;24;24;24;0.57;20.65;83;88289
9336;2024-11-01T01:12:42;2;3;3;3;21;21;21;21;0.58;20.7;82;88290
9337;2024-11-01T01:13:44;3;3;3;3;22;22;22;22;0.58;20.81;83;88290
9338;2024-11-01T01:14:45;3;3;3;3;23;23;23;23;0.57;20.9;81;88281
9339;2024-11-01T01:15:47;2;2;2;2;20;20;20;20;0.58;20.72;83;88288
9340;2024-11-01T01:16:48;2;2;2;2;19;19;19;19;0.57;20.41;83;88282
9341;2024-11-01T01:17:50;2;2;2;2;16;16;16;16;0.58;20.43;84;88290
9342;2024-11-01T01:18:51;2;2;2;2;19;19;19;19;0.59;20.58;83;88282
9343;2024-11-01T01:19:53;2;2;2;2;19;19;19;19;0.58;20.68;84;88283
9344;2024-11-01T01:20:54;2;2;2;2;18;18;18;18;0.59;20.66;83;88280
9345;2024-11-01T01:21:56;2;2;2;2;18;18;18;18;0.59;20.65;83;88273
9346;2024-11-01T01:22:57;2;2;2;2;16;16;16;16;0.59;20.68;83;88270
9347;2024-11-01T01:23:59;2;2;2;2;15;15;15;15;0.6;20.38;81;88272
9348;2024-11-01T01:25:00;2;2;2;2;15;15;15;15;0.6;20.34;82;88273
9349;2024-11-01T01:26:01;2;2;2;2;15;15;15;15;0.59;20.15;80;88267
9350;2024-11-01T01:27:03;2;2;2;2;13;13;13;13;0.58;20.12;82;88271
9351;2024-11-01T01:28:04;2;2;2;2;16;16;16;16;0.57;20.2;83;88267
9352;2024-11-01T01:29:06;2;2;2;2;13;13;13;13;0.56;20.15;80;88267
9353;2024-11-01T01:30:07;1;1;1;1;12;12;12;12;0.57;20.13;80;88267
9354;2024-11-01T01:31:09;1;1;1;1;11;11;11;11;0.56;20.1;80;88276
9355;2024-11-01T01:32:10;1;1;1;1;11;11;11;11;0.56;20.1;79;88271
9356;2024-11-01T01:33:12;2;2;2;2;14;14;14;14;0.55;20.32;81;88266
9357;2024-11-01T01:34:13;1;1;1;1;12;12;12;12;0.56;20.21;80;88268
9358;2024-11-01T01:35:15;1;1;1;1;11;11;11;11;0.56;20.17;82;88268
9359;2024-11-01T01:36:16;1;1;1;1;10;10;10;10;0.54;20.1;79;88257
9360;2024-11-01T01:37:18;1;1;1;1;10;10;10;10;0.54;20.0;81;88267
9361;2024-11-01T01:38:19;1;1;1;1;9;9;9;9;0.53;19.9;78;88256
9362;2024-11-01T01:39:20;1;1;1;1;8;8;8;8;0.53;19.95;78;88257
9363;2024-11-01T01:40:22;1;1;1;1;12;12;12;12;0.53;19.89;78;88252
9364;2024-11-01T01:41:23;1;1;1;1;10;10;10;10;0.53;19.95;77;88253
9365;2024-11-01T01:42:25;1;1;1;1;10;10;10;10;0.53;19.83;79;88248
9366;2024-11-01T01:43:26;1;1;1;1;9;9;9;9;0.52;19.79;79;88252
9367;2024-11-01T01:44:28;1;1;1;1;10;10;10;10;0.51;19.7;81;88247
9368;2024-11-01T01:45:29;1;1;1;1;9;9;9;9;0.52;19.62;81;88252
9369;2024-11-01T01:46:31;1;1;1;1;10;10;10;10;0.52;19.69;77;88243
9370;2024-11-01T01:47:32;1;1;1;1;10;10;10;10;0.53;19.77;78;88246
9371;2024-11-01T01:48:34;1;1;1;1;11;11;11;11;0.53;19.74;76;88234
9372;2024-11-01T01:49:35;1;1;1;1;8;8;8;8;0.54;19.69;76;88242
9373;2024-11-01T01:50:37;1;1;1;1;7;7;7;7;0.53;19.77;77;88236
9374;2024-11-01T01:51:38;1;1;1;1;7;7;7;7;0.53;19.63;78;88237
9375;2024-11-01T01:52:40;1;1;1;1;7;7;7;7;0.53;19.62;79;88238
9376;2024-11-01T01:53:41;1;1;1;1;8;8;8;8;0.52;19.54;79;88240
9377;2024-11-01T01:54:43;1;1;1;1;6;6;6;6;0.52;19.42;78;88242
9378;2024-11-01T01:55:44;1;1;1;1;7;7;7;7;0.52;19.43;78;88240
9379;2024-11-01T01:56:45;1;1;1;1;6;6;6;6;0.52;19.46;79;88237
9380;2024-11-01T01:57:47;1;1;1;1;6;6;6;6;0.52;19.46;79;88234
9381;2024-11-01T01:58:48;1;1;1;1;6;6;6;6;0.54;19.4;77;88231
9382;2024-11-01T01:59:50;1;1;1;1;6;6;6;6;0.55;19.37;79;88238
9383;2024-11-01T02:00:51;1;1;1;1;6;6;6;6;0.56;19.5;78;88235
9384;2024-11-01T02:01:53;1;1;1;1;6;6;6;6;0.56;19.4;80;88231
9385;2024-11-01T02:02:54;0;1;1;1;4;4;4;4;0.56;19.45;80;88243
9386;2024-11-01T02:03:56;1;1;1;1;7;7;7;7;0.56;19.46;80;88234
9387;2024-11-01T02:04:57;1;1;1;1;5;5;5;5;0.56;19.38;80;88239
9388;2024-11-01T02:05:59;1;1;1;1;5;5;5;5;0.56;19.36;79;88237
9389;2024-11-01T02:07:00;1;1;1;1;6;6;6;6;0.57;19.39;80;88240
9390;2024-11-01T02:08:02;1;1;1;1;5;5;5;5;0.57;19.32;77;88234
9391;2024-11-01T02:09:03;1;1;1;1;7;7;7;7;0.57;19.25;80;88237
9392;2024-11-01T02:10:05;1;1;1;1;7;7;7;7;0.57;19.3;80;88242
9393;2024-11-01T02:11:06;1;1;1;1;6;6;6;6;0.58;19.34;78;88229
9394;2024-11-01T02:12:07;1;1;1;1;5;5;5;5;0.58;19.4;79;88236
9395;2024-11-01T02:13:09;1;1;1;1;8;8;8;8;0.57;19.31;80;88235
9396;2024-11-01T02:14:10;1;1;1;1;7;7;7;7;0.56;19.3;78;88234
9397;2024-11-01T02:15:12;1;1;1;1;7;7;7;7;0.57;19.25;78;88237
9398;2024-11-01T02:16:13;1;1;1;1;7;7;7;7;0.57;19.24;79;88223
9399;2024-11-01T02:17:15;1;1;1;1;6;6;6;6;0.58;19.23;79;88237
9400;2024-11-01T02:18:16;1;1;1;1;5;5;5;5;0.58;19.18;81;88237
9401;2024-11-01T02:19:18;1;1;1;1;8;8;8;8;0.58;19.3;80;88241
9402;2024-11-01T02:20:19;1;1;1;1;6;6;6;6;0.59;19.29;78;88237
9403;2024-11-01T02:21:21;1;1;1;1;6;6;6;6;0.59;19.41;79;88232
9404;2024-11-01T02:22:22;1;1;1;1;8;8;8;8;0.59;19.49;78;88233
9405;2024-11-01T02:23:24;1;1;1;1;8;8;8;8;0.58;19.58;78;88235
9406;2024-11-01T02:24:25;1;1;1;1;8;8;8;8;0.59;19.44;76;88228
9407;2024-11-01T02:25:27;1;1;1;1;6;6;6;6;0.59;19.24;75;88225
9408;2024-11-01T02:26:28;1;1;1;1;5;5;6;6;0.59;19.41;78;88219
9409;2024-11-01T02:27:29;1;1;1;1;7;7;7;7;0.57;19.09;78;88231
9410;2024-11-01T02:28:31;1;1;1;1;8;8;8;8;0.57;19.04;78;88229
9411;2024-11-01T02:29:32;1;1;1;1;7;7;7;7;0.56;19.0;79;88212
9412;2024-11-01T02:30:34;1;1;1;1;8;8;8;8;0.57;19.19;80;88215
9413;2024-11-01T02:31:35;1;1;1;1;9;9;9;9;0.57;19.1;78;88211
9414;2024-11-01T02:32:37;1;1;1;1;5;5;5;5;0.56;19.07;77;88211
9415;2024-11-01T02:33:38;1;1;1;1;6;6;6;6;0.56;19.09;79;88206
9416;2024-11-01T02:34:40;1;1;1;1;8;8;8;8;0.57;19.1;78;88210
9417;2024-11-01T02:35:41;1;1;1;1;5;5;5;5;0.57;19.17;79;88202
9418;2024-11-01T02:36:43;1;1;1;1;8;8;8;8;0.57;19.24;78;88198
9419;2024-11-01T02:37:44;1;1;1;1;6;6;6;6;0.57;19.17;77;88202
9420;2024-11-01T02:38:46;1;1;1;1;6;6;6;6;0.57;19.01;78;88187
9421;2024-11-01T02:39:47;1;1;1;1;5;5;5;5;0.57;19.1;76;88200
9422;2024-11-01T02:40:48;1;1;1;1;7;7;7;7;0.56;19.01;77;88192
9423;2024-11-01T02:41:50;1;1;1;1;6;6;6;6;0.55;19.11;78;88190
9424;2024-11-01T02:42:51;1;1;1;1;5;5;5;5;0.54;19.26;77;88193
9425;2024-11-01T02:43:53;1;1;1;1;7;7;7;7;0.55;19.41;77;88184
9426;2024-11-01T02:44:54;1;1;1;1;7;7;7;7;0.56;19.22;77;88190
9427;2024-11-01T02:45:56;1;1;1;1;7;7;7;7;0.56;19.21;78;88188
9428;2024-11-01T02:46:57;1;1;1;1;7;7;7;7;0.56;19.34;78;88189
9429;2024-11-01T02:47:59;1;1;1;1;6;6;6;6;0.57;19.45;78;88188
9430;2024-11-01T02:49:00;1;1;1;1;8;8;8;8;0.58;19.59;77;88188
9431;2024-11-01T02:50:02;1;1;1;1;7;7;7;7;0.57;19.68;76;88190
9432;2024-11-01T02:51:03;1;1;1;1;8;8;8;8;0.58;19.69;76;88189
9433;2024-11-01T02:52:05;1;1;1;1;6;6;6;6;0.58;19.73;77;88195
9434;2024-11-01T02:53:06;1;1;1;1;6;6;6;6;0.59;19.77;75;88193
9435;2024-11-01T02:54:08;1;1;1;1;7;7;7;7;0.6;19.75;76;88192
9436;2024-11-01T02:55:09;1;1;1;1;7;7;7;7;0.6;19.75;77;88198
9437;2024-11-01T02:56:10;1;1;1;1;7;7;7;7;0.59;19.66;77;88192
9438;2024-11-01T02:57:12;1;1;1;1;6;6;6;6;0.59;19.64;77;88193
9439;2024-11-01T02:58:13;1;1;1;1;6;6;6;6;0.6;19.62;76;88198
9440;2024-11-01T02:59:15;1;1;1;1;9;9;9;9;0.6;19.65;76;88197
9441;2024-11-01T03:00:16;1;1;1;1;8;8;8;8;0.61;19.39;77;88194
9442;2024-11-01T03:01:18;1;1;1;1;8;8;8;8;0.61;19.26;78;88190
9443;2024-11-01T03:02:19;1;1;1;1;9;9;9;9;0.61;19.01;78;88197
9444;2024-11-01T03:03:21;1;1;1;1;6;6;6;6;0.61;18.88;78;88196
9445;2024-11-01T03:04:22;1;1;1;1;6;6;6;6;0.61;18.67;78;88193
9446;2024-11-01T03:05:24;1;1;1;1;6;6;6;6;0.6;18.63;79;88185
9447;2024-11-01T03:06:25;1;1;1;1;6;6;6;6;0.61;18.63;79;88195
9448;2024-11-01T03:07:27;1;1;1;1;7;8;8;8;0.62;18.82;79;88193
9449;2024-11-01T03:08:28;1;1;1;1;7;7;7;7;0.63;18.8;77;88190
9450;2024-11-01T03:09:30;1;1;1;1;6;7;7;7;0.63;18.69;78;88182
9451;2024-11-01T03:10:31;1;1;1;1;9;9;9;9;0.63;18.85;78;88189
9452;2024-11-01T03:11:33;1;1;1;1;8;8;8;8;0.62;18.97;78;88187
9453;2024-11-01T03:12:34;1;1;1;1;9;9;9;9;0.61;19.08;79;88186
9454;2024-11-01T03:13:35;1;1;1;1;7;7;7;7;0.62;18.89;77;88195
9455;2024-11-01T03:14:37;1;1;1;1;5;5;5;5;0.62;19.05;78;88192
9456;2024-11-01T03:15:38;1;1;1;1;10;10;10;10;0.62;19.12;79;88192
9457;2024-11-01T03:16:40;1;1;1;1;9;9;9;9;0.61;19.2;78;88192
9458;2024-11-01T03:17:41;1;1;1;1;8;8;8;8;0.62;19.32;78;88196
9459;2024-11-01T03:18:43;1;1;1;1;8;8;8;8;0.62;19.28;77;88203
9460;2024-11-01T03:19:44;1;1;1;1;9;9;10;10;0.61;19.42;77;88199
9461;2024-11-01T03:20:46;1;1;1;1;8;8;8;8;0.62;19.45;77;88203
9462;2024-11-01T03:21:47;1;1;1;1;9;9;9;9;0.62;19.52;77;88197
9463;2024-11-01T03:22:49;1;1;1;1;8;8;8;8;0.6;19.53;77;88207
9464;2024-11-01T03:23:50;1;1;1;1;10;10;11;11;0.59;19.44;77;88210
9465;2024-11-01T03:24:52;1;1;1;1;10;10;10;10;0.6;19.5;76;88202
9466;2024-11-01T03:25:53;1;1;1;1;8;8;8;8;0.6;19.33;78;88201
9467;2024-11-01T03:26:54;1;1;1;1;10;10;10;10;0.61;19.3;78;88204
9468;2024-11-01T03:27:56;1;1;1;1;9;9;9;9;0.6;19.06;79;88205
9469;2024-11-01T03:28:57;1;1;1;2;10;11;11;11;0.58;19.12;79;88205
9470;2024-11-01T03:29:59;2;2;2;2;13;13;13;13;0.59;19.27;79;88213
9471;2024-11-01T03:31:00;1;1;1;1;9;10;10;10;0.6;19.32;79;88210
9472;2024-11-01T03:32:02;2;2;2;2;15;15;15;15;0.6;19.03;79;88211
9473;2024-11-01T03:33:03;2;2;3;3;19;19;19;19;0.58;18.63;81;88215
9474;2024-11-01T03:34:05;2;2;2;2;14;14;14;14;0.57;18.88;80;88207
9475;2024-11-01T03:35:06;2;2;2;2;15;15;15;15;0.57;19.05;81;88211
9476;2024-11-01T03:36:08;2;2;2;2;15;15;15;15;0.55;19.09;80;88206
9477;2024-11-01T03:37:09;1;1;1;1;11;11;11;11;0.54;19.25;78;88204
9478;2024-11-01T03:38:11;1;1;1;1;12;12;12;12;0.54;19.27;79;88208
9479;2024-11-01T03:39:12;2;2;2;2;14;14;14;14;0.55;19.39;78;88205
9480;2024-11-01T03:40:14;1;1;1;1;12;12;12;12;0.54;19.44;78;88204
9481;2024-11-01T03:41:15;1;1;1;1;12;12;12;12;0.54;19.52;77;88211
9482;2024-11-01T03:42:16;1;1;1;1;10;10;10;10;0.54;19.5;78;88207
9483;2024-11-01T03:43:18;1;1;1;1;11;11;11;11;0.55;19.25;78;88205
9484;2024-11-01T03:44:19;1;1;1;1;9;9;9;9;0.55;19.24;78;88204
9485;2024-11-01T03:45:21;2;2;2;2;13;13;13;13;0.55;19.38;79;88207
9486;2024-11-01T03:46:22;1;1;1;1;12;12;12;12;0.56;19.48;78;88207
9487;2024-11-01T03:47:24;1;1;1;1;10;10;10;10;0.55;19.53;77;88209
9488;2024-11-01T03:48:25;1;1;1;1;11;11;11;11;0.55;19.19;78;88207
9489;2024-11-01T03:49:27;1;1;1;1;11;11;11;11;0.55;18.94;80;88210
9490;2024-11-01T03:50:28;1;1;1;1;10;10;10;10;0.55;19.08;80;88210
9491;2024-11-01T03:51:30;1;1;1;1;10;10;10;10;0.55;19.16;78;88208
9492;2024-11-01T03:52:31;1;1;1;1;9;9;9;9;0.55;18.88;80;88220
9493;2024-11-01T03:53:33;1;1;1;1;11;11;11;11;0.54;19.07;79;88215
9494;2024-11-01T03:54:34;1;1;1;1;11;11;11;11;0.54;19.25;79;88210
9495;2024-11-01T03:55:36;1;1;1;1;9;9;9;9;0.54;19.16;79;88208
9496;2024-11-01T03:56:37;1;1;1;1;11;11;11;11;0.55;18.96;82;88204
9497;2024-11-01T03:57:38;1;1;1;1;9;9;9;9;0.56;19.13;80;88207
9498;2024-11-01T03:58:40;1;1;1;1;9;10;10;10;0.55;18.88;81;88207
9499;2024-11-01T03:59:41;1;1;1;1;10;10;10;10;0.56;19.01;82;88203
9500;2024-11-01T04:00:43;1;1;1;1;8;8;8;8;0.57;18.8;82;88200
9501;2024-11-01T04:01:44;1;1;1;1;10;10;10;10;0.56;18.55;82;88200
9502;2024-11-01T04:02:46;1;1;1;1;8;8;8;8;0.57;18.71;82;88199
9503;2024-11-01T04:03:47;1;1;1;1;6;6;6;6;0.57;18.64;81;88200
9504;2024-11-01T04:04:49;1;1;1;1;6;6;6;6;0.56;18.78;81;88198
9505;2024-11-01T04:05:50;1;1;1;1;8;8;8;8;0.57;18.89;81;88195
9506;2024-11-01T04:06:52;1;1;1;1;7;7;7;7;0.57;18.83;82;88194
9507;2024-11-01T04:07:53;1;1;1;1;8;8;8;8;0.59;18.94;82;88201
9508;2024-11-01T04:08:55;1;1;1;1;6;6;6;6;0.6;19.12;81;88202
9509;2024-11-01T04:09:56;1;1;1;1;6;6;6;6;0.6;19.22;80;88201
9510;2024-11-01T04:10:58;1;1;1;1;6;6;6;6;0.6;19.19;80;88196
9511;2024-11-01T04:11:59;1;1;1;1;8;8;8;8;0.6;19.3;80;88193
9512;2024-11-01T04:13:00;1;1;1;1;8;8;8;8;0.6;19.4;79;88196
9513;2024-11-01T04:14:02;1;1;1;1;9;9;9;9;0.6;19.5;79;88195
9514;2024-11-01T04:15:03;1;1;1;1;7;7;7;7;0.59;19.46;80;88197
9515;2024-11-01T04:16:05;1;1;1;1;8;8;8;8;0.58;19.09;80;88195
9516;2024-11-01T04:17:06;1;1;1;1;10;10;10;10;0.58;19.15;79;88199
9517;2024-11-01T04:18:08;1;1;1;1;8;8;8;8;0.58;19.33;78;88194
9518;2024-11-01T04:19:09;1;1;1;1;7;7;7;7;0.57;19.21;80;88199
9519;2024-11-01T04:20:11;1;1;1;1;7;7;7;7;0.56;18.98;83;88196
9520;2024-11-01T04:21:12;1;1;1;1;10;10;10;10;0.57;19.09;82;88193
9521;2024-11-01T04:22:14;1;1;1;1;8;9;9;9;0.57;19.23;81;88200
9522;2024-11-01T04:23:15;1;1;1;1;9;9;9;9;0.57;19.24;81;88198
9523;2024-11-01T04:24:17;1;1;1;1;8;8;8;8;0.56;19.35;80;88200
9524;2024-11-01T04:25:18;1;1;1;1;9;9;9;9;0.57;19.47;79;88201
9525;2024-11-01T04:26:20;1;1;1;1;9;9;9;9;0.58;19.51;80;88204
9526;2024-11-01T04:27:21;1;1;1;2;12;12;12;12;0.58;19.47;82;88203
9527;2024-11-01T04:28:22;1;2;2;2;12;12;12;12;0.58;19.4;79;88201
9528;2024-11-01T04:29:24;2;2;2;2;13;13;13;13;0.58;19.47;79;88193
9529;2024-11-01T04:30:25;1;1;2;2;12;12;12;12;0.58;19.48;79;88210
9530;2024-11-01T04:31:27;1;1;1;1;11;12;12;12;0.58;19.31;80;88198
9531;2024-11-01T04:32:28;1;2;2;2;12;12;12;12;0.58;19.35;79;88203
9532;2024-11-01T04:33:30;1;1;2;2;12;12;12;12;0.59;19.38;80;88206
9533;2024-11-01T04:34:31;1;2;2;2;12;12;12;12;0.58;19.36;80;88199
9534;2024-11-01T04:35:33;2;2;2;2;13;13;13;13;0.58;19.46;80;88202
9535;2024-11-01T04:36:34;1;1;1;1;10;10;10;10;0.59;19.34;80;88201
9536;2024-11-01T04:37:36;1;1;1;1;8;8;8;8;0.58;19.14;80;88198
9537;2024-11-01T04:38:37;1;1;1;1;8;8;8;8;0.59;19.24;80;88209
9538;2024-11-01T04:39:39;1;1;1;1;10;10;10;10;0.58;18.59;81;88211
9539;2024-11-01T04:40:40;1;1;1;1;7;7;7;7;0.58;18.73;80;88207
9540;2024-11-01T04:41:41;1;1;1;1;6;6;6;6;0.57;18.97;80;88208
9541;2024-11-01T04:42:43;1;1;1;1;8;8;8;8;0.56;18.98;78;88209
9542;2024-11-01T04:43:44;1;1;1;1;8;8;8;8;0.55;19.18;81;88211
9543;2024-11-01T04:44:46;1;1;1;1;7;7;7;7;0.55;19.01;80;88205
9544;2024-11-01T04:45:47;1;1;1;1;6;6;6;6;0.56;19.08;80;88208
9545;2024-11-01T04:46:49;1;1;1;1;6;6;6;6;0.55;18.94;80;88203
9546;2024-11-01T04:47:50;1;1;1;1;6;6;6;6;0.56;18.75;80;88204
9547;2024-11-01T04:48:52;1;1;1;1;7;7;7;7;0.57;19.0;79;88201
9548;2024-11-01T04:49:53;1;1;1;1;6;6;6;6;0.57;19.19;77;88207
9549;2024-11-01T04:50:55;1;1;1;1;6;6;6;6;0.57;19.29;78;88205
9550;2024-11-01T04:51:56;1;1;1;1;6;6;6;6;0.58;19.32;80;88207
9551;2024-11-01T04:52:58;1;1;1;1;6;6;6;6;0.57;19.29;80;88205
9552;2024-11-01T04:53:59;1;1;1;1;7;7;7;7;0.57;19.38;77;88207
9553;2024-11-01T04:55:01;0;1;1;1;4;4;4;4;0.57;19.49;77;88209
9554;2024-11-01T04:56:02;1;1;1;1;6;6;6;6;0.57;19.56;77;88211
9555;2024-11-01T04:57:04;1;1;1;1;6;6;6;6;0.57;18.87;79;88207
9556;2024-11-01T04:58:05;1;1;1;1;8;8;8;8;0.58;18.73;79;88204
9557;2024-11-01T04:59:06;1;1;1;1;6;6;6;6;0.58;19.05;79;88214
9558;2024-11-01T05:00:08;1;1;1;1;7;7;7;7;0.59;19.26;78;88204
9559;2024-11-01T05:01:09;1;1;1;1;6;7;7;7;0.6;18.75;80;88207
9560;2024-11-01T05:02:11;1;1;1;1;6;6;6;6;0.6;18.41;81;88216
9561;2024-11-01T05:03:12;1;1;1;1;6;6;6;6;0.6;18.8;80;88217
9562;2024-11-01T05:04:14;1;1;1;1;6;6;6;6;0.6;18.89;82;88218
9563;2024-11-01T05:05:15;1;1;1;1;5;5;5;5;0.6;18.93;79;88222
9564;2024-11-01T05:06:17;1;1;1;1;8;8;8;8;0.6;18.77;80;88212
9565;2024-11-01T05:07:18;1;1;1;1;9;9;9;9;0.59;18.89;80;88221
9566;2024-11-01T05:08:20;1;1;1;1;7;7;7;7;0.59;18.83;80;88221
9567;2024-11-01T05:09:21;1;1;1;1;5;5;5;5;0.59;18.76;78;88214
9568;2024-11-01T05:10:23;1;1;1;1;8;8;8;8;0.6;18.96;77;88218
9569;2024-11-01T05:11:24;1;1;1;1;9;9;9;9;0.6;19.06;79;88221
9570;2024-11-01T05:12:26;1;1;1;1;7;7;7;7;0.59;19.22;77;88216
9571;2024-11-01T05:13:27;1;1;1;1;8;8;8;8;0.6;19.28;78;88222
9572;2024-11-01T05:14:28;1;1;1;1;9;9;9;9;0.59;19.19;79;88223
9573;2024-11-01T05:15:30;1;1;1;1;7;7;7;7;0.59;18.94;79;88228
9574;2024-11-01T05:16:31;1;1;1;1;7;7;7;7;0.59;18.72;82;88216
9575;2024-11-01T05:17:33;1;1;1;1;8;8;8;8;0.59;19.07;79;88228
9576;2024-11-01T05:18:34;1;1;1;1;8;8;8;8;0.59;18.99;80;88227
9577;2024-11-01T05:19:36;1;1;1;1;7;7;7;7;0.59;18.57;82;88221
9578;2024-11-01T05:20:37;1;1;1;1;7;7;7;7;0.59;18.54;82;88226
9579;2024-11-01T05:21:39;1;1;1;1;7;7;7;7;0.59;18.62;83;88216
9580;2024-11-01T05:22:40;1;1;1;1;7;7;7;7;0.59;18.8;83;88222
9581;2024-11-01T05:23:42;1;1;1;1;8;8;8;8;0.58;18.77;81;88215
9582;2024-11-01T05:24:43;1;1;1;1;7;7;7;7;0.58;18.53;83;88221
9583;2024-11-01T05:25:45;1;1;1;1;6;6;6;6;0.58;18.49;82;88222
9584;2024-11-01T05:26:46;1;1;1;1;6;6;6;6;0.58;18.74;82;88219
9585;2024-11-01T05:27:47;1;1;1;1;6;6;6;6;0.57;18.74;84;88219
9586;2024-11-01T05:28:49;1;1;1;1;7;7;7;7;0.57;18.8;82;88217
9587;2024-11-01T05:29:50;1;1;1;1;7;7;7;7;0.57;18.94;82;88220
9588;2024-11-01T05:30:52;1;1;1;1;7;7;7;7;0.57;19.05;82;88222
9589;2024-11-01T05:31:53;1;1;1;1;6;6;6;6;0.56;18.74;83;88224
9590;2024-11-01T05:32:55;1;1;1;1;6;6;6;6;0.56;18.91;82;88221
9591;2024-11-01T05:33:56;1;1;1;1;5;5;5;5;0.56;18.85;83;88218
9592;2024-11-01T05:34:58;1;1;1;1;6;6;6;6;0.56;18.95;82;88218
9593;2024-11-01T05:35:59;1;1;1;1;7;7;7;7;0.57;18.95;82;88221
9594;2024-11-01T05:37:01;1;1;1;1;6;6;6;6;0.57;18.94;83;88222
9595;2024-11-01T05:38:02;1;1;1;1;8;8;8;8;0.56;18.9;82;88220
9596;2024-11-01T05:39:04;1;1;1;1;7;7;7;7;0.55;18.87;83;88222
9597;2024-11-01T05:40:05;1;1;1;1;8;8;8;8;0.54;18.83;82;88221
9598;2024-11-01T05:41:07;1;1;1;1;7;7;7;7;0.55;18.89;82;88222
9599;2024-11-01T05:42:08;1;1;1;1;9;9;9;9;0.55;19.01;82;88222
9600;2024-11-01T05:43:09;1;1;1;1;8;8;8;8;0.54;18.94;83;88218
9601;2024-11-01T05:44:11;1;1;1;1;8;8;8;8;0.55;19.07;82;88228
9602;2024-11-01T05:45:12;1;1;1;1;7;7;7;7;0.56;19.16;82;88224
9603;2024-11-01T05:46:14;1;1;1;1;8;8;8;8;0.57;19.21;82;88223
9604;2024-11-01T05:47:15;2;2;2;2;19;19;19;19;0.56;19.24;82;88227
9605;2024-11-01T05:48:17;1;1;1;1;10;10;10;10;0.56;19.29;81;88230
9606;2024-11-01T05:49:18;1;1;1;1;9;9;9;9;0.56;19.34;80;88234
9607;2024-11-01T05:50:20;2;2;2;2;15;15;15;15;0.55;19.33;81;88227
9608;2024-11-01T05:51:21;3;3;3;3;25;25;25;25;0.52;19.17;82;88241
9609;2024-11-01T05:52:23;2;2;2;2;19;19;19;19;0.51;19.11;82;88236
9610;2024-11-01T05:53:24;2;2;2;2;15;15;15;15;0.5;19.14;82;88243
9611;2024-11-01T05:54:26;2;2;2;2;16;16;16;16;0.5;18.96;82;88249
9612;2024-11-01T05:55:27;2;2;2;2;13;13;13;13;0.5;18.85;82;88234
9613;2024-11-01T05:56:29;1;1;1;1;10;11;11;11;0.5;18.86;85;88236
9614;2024-11-01T05:57:30;1;1;1;1;11;11;11;11;0.51;19.05;84;88244
9615;2024-11-01T05:58:31;1;1;1;1;11;11;11;11;0.52;19.02;83;88243
9616;2024-11-01T05:59:33;2;2;2;2;13;13;13;13;0.53;19.05;82;88241
9617;2024-11-01T06:00:34;1;1;1;1;10;10;10;10;0.53;19.14;83;88235
9618;2024-11-01T06:01:36;1;1;1;1;9;9;9;9;0.52;19.18;83;88238
9619;2024-11-01T06:02:37;1;1;1;1;11;11;11;11;0.53;19.01;84;88236
9620;2024-11-01T06:03:39;1;1;1;1;8;8;8;8;0.53;19.11;83;88233
9621;2024-11-01T06:04:40;1;1;1;1;10;10;10;10;0.53;18.98;83;88236
9622;2024-11-01T06:05:42;1;1;1;1;11;11;11;11;0.54;18.99;82;88241
9623;2024-11-01T06:06:43;1;1;1;1;10;10;10;10;0.53;18.94;83;88234
9624;2024-11-01T06:07:45;1;1;1;1;9;9;9;9;0.54;18.95;84;88240
9625;2024-11-01T06:08:46;1;1;1;1;12;12;12;12;0.53;18.89;84;88230
9626;2024-11-01T06:09:48;1;1;1;1;12;12;12;12;0.52;18.82;82;88236
9627;2024-11-01T06:10:49;1;1;1;1;10;10;10;10;0.52;18.85;83;88240
9628;2024-11-01T06:11:51;1;1;1;1;11;11;11;11;0.52;18.94;84;88241
9629;2024-11-01T06:12:52;1;1;1;1;11;11;11;11;0.52;18.91;84;88243
9630;2024-11-01T06:13:53;2;2;2;2;14;14;14;14;0.52;18.89;83;88241
9631;2024-11-01T06:14:55;1;1;1;1;11;12;12;12;0.51;18.95;84;88248
9632;2024-11-01T06:15:56;1;1;1;1;11;11;11;11;0.51;18.97;83;88240
9633;2024-11-01T06:16:58;1;1;1;1;9;9;9;9;0.52;18.84;83;88243
9634;2024-11-01T06:17:59;1;2;2;2;13;13;13;13;0.52;18.89;83;88251
9635;2024-11-01T06:19:01;1;1;1;1;11;11;11;11;0.52;19.0;84;88244
9636;2024-11-01T06:20:02;1;1;1;1;11;12;12;12;0.52;18.81;83;88245
9637;2024-11-01T06:21:04;1;2;2;2;13;13;13;13;0.52;18.81;84;88248
9638;2024-11-01T06:22:05;2;2;2;2;14;14;14;14;0.53;18.73;84;88246
9639;2024-11-01T06:23:07;1;1;1;1;11;11;11;11;0.52;18.85;83;88254
9640;2024-11-01T06:24:08;1;1;1;1;11;11;11;11;0.53;18.86;83;88258
9641;2024-11-01T06:25:10;1;1;1;1;11;11;11;11;0.54;18.96;83;88249
9642;2024-11-01T06:26:11;1;1;1;1;12;12;12;12;0.54;18.86;83;88252
9643;2024-11-01T06:27:13;1;1;1;1;12;12;12;12;0.54;18.85;83;88254
9644;2024-11-01T06:28:14;1;1;1;1;10;10;10;10;0.53;18.81;83;88256
9645;2024-11-01T06:29:15;1;1;1;1;11;11;11;11;0.52;18.95;83;88259
9646;2024-11-01T06:30:17;1;1;1;1;10;10;10;10;0.52;19.05;83;88260
9647;2024-11-01T06:31:18;1;1;1;1;10;10;10;10;0.51;19.12;83;88262
9648;2024-11-01T06:32:20;1;1;1;1;8;9;9;9;0.51;18.98;83;88253
9649;2024-11-01T06:33:21;1;1;1;1;9;9;9;9;0.52;19.11;82;88260
9650;2024-11-01T06:34:23;1;1;1;1;9;9;9;9;0.52;19.14;82;88256
9651;2024-11-01T06:35:24;1;1;1;1;8;8;8;8;0.51;18.99;82;88254
9652;2024-11-01T06:36:26;1;1;1;1;7;7;7;7;0.51;18.97;83;88262
9653;2024-11-01T06:37:27;1;1;1;1;7;7;7;7;0.52;19.0;82;88260
9654;2024-11-01T06:38:29;1;1;1;1;7;7;7;7;0.52;19.09;83;88263
9655;2024-11-01T06:39:30;1;1;1;1;9;9;9;9;0.51;18.89;82;88268
9656;2024-11-01T06:40:32;1;1;1;1;7;7;7;7;0.51;18.79;82;88266
9657;2024-11-01T06:41:33;1;1;1;1;9;9;9;9;0.52;18.75;82;88266
9658;2024-11-01T06:42:34;1;1;1;1;11;11;11;11;0.51;18.87;84;88273
9659;2024-11-01T06:43:36;1;1;1;1;12;12;12;12;0.51;18.93;82;88273
9660;2024-11-01T06:44:37;1;1;1;1;12;12;12;12;0.5;19.02;83;88274
9661;2024-11-01T06:45:39;1;1;1;1;12;12;12;12;0.5;19.07;82;88281
9662;2024-11-01T06:46:40;1;1;1;1;10;10;10;10;0.51;19.04;82;88274
9663;2024-11-01T06:47:42;1;1;1;1;12;12;12;12;0.52;19.15;81;88271
9664;2024-11-01T06:48:43;2;2;2;2;13;13;13;13;0.53;19.17;82;88280
9665;2024-11-01T06:49:45;2;2;2;2;13;13;13;13;0.54;19.08;82;88283
9666;2024-11-01T06:50:46;2;2;2;2;13;13;13;13;0.53;18.97;82;88272
9667;2024-11-01T06:51:48;1;1;1;1;11;11;11;11;0.52;19.04;83;88277
9668;2024-11-01T06:52:49;1;2;2;2;13;13;13;13;0.52;19.18;82;88276
9669;2024-11-01T06:53:51;1;1;1;1;8;8;8;8;0.52;19.28;82;88285
9670;2024-11-01T06:54:52;1;1;1;1;11;11;11;11;0.51;19.32;81;88277
9671;2024-11-01T06:55:54;1;1;1;1;10;10;10;10;0.51;19.26;81;88277
9672;2024-11-01T06:56:55;1;2;2;2;13;13;13;13;0.51;19.4;81;88285
9673;2024-11-01T06:57:57;1;1;1;1;10;10;10;10;0.51;19.2;81;88279
9674;2024-11-01T06:58:58;1;1;1;1;12;12;12;12;0.52;19.26;81;88282
9675;2024-11-01T06:59:59;1;1;1;1;10;10;10;10;0.53;19.39;81;88289
9676;2024-11-01T07:01:01;1;1;1;1;10;10;10;10;0.52;19.41;81;88291
9677;2024-11-01T07:02:02;1;1;1;1;10;10;10;10;0.53;19.39;81;88294
9678;2024-11-01T07:03:04;1;1;1;1;10;10;10;10;0.53;19.47;81;88290
9679;2024-11-01T07:04:05;1;1;1;1;11;11;11;11;0.52;19.41;81;88303
9680;2024-11-01T07:05:07;2;2;2;2;13;13;13;13;0.53;19.24;82;88300
9681;2024-11-01T07:06:08;1;1;1;1;11;11;11;11;0.52;19.21;82;88296
9682;2024-11-01T07:07:10;1;1;1;1;11;11;11;11;0.52;19.18;82;88299
9683;2024-11-01T07:08:11;1;1;1;1;11;11;11;11;0.52;19.22;82;88302
9684;2024-11-01T07:09:13;1;1;1;1;12;12;12;12;0.51;18.88;83;88293
9685;2024-11-01T07:10:14;1;1;1;1;12;12;12;12;0.5;19.03;82;88297
9686;2024-11-01T07:11:16;1;1;1;1;11;11;11;11;0.51;19.19;82;88293
9687;2024-11-01T07:12:17;2;2;2;2;13;13;13;13;0.52;19.2;82;88300
9688;2024-11-01T07:13:19;1;1;1;1;12;12;12;12;0.53;19.32;82;88301
9689;2024-11-01T07:14:20;1;1;1;1;12;12;12;12;0.52;19.41;80;88302
9690;2024-11-01T07:15:21;2;2;2;2;13;13;13;13;0.53;19.48;80;88304
9691;2024-11-01T07:16:23;1;1;1;1;11;11;11;11;0.54;19.53;80;88309
9692;2024-11-01T07:17:24;2;2;2;2;15;15;15;15;0.54;19.53;80;88317
9693;2024-11-01T07:18:26;2;2;2;2;15;15;15;15;0.54;19.59;80;88313
9694;2024-11-01T07:19:27;1;2;2;2;13;13;13;13;0.55;19.72;80;88315
9695;2024-11-01T07:20:29;2;2;2;2;15;15;15;15;0.54;19.76;80;88312
9696;2024-11-01T07:21:30;2;2;2;2;15;15;15;15;0.54;19.7;82;88317
9697;2024-11-01T07:22:32;2;2;2;2;16;16;16;16;0.54;19.59;82;88312
9698;2024-11-01T07:23:33;2;2;2;2;14;14;14;14;0.54;19.62;83;88319
9699;2024-11-01T07:24:35;2;2;2;2;16;16;16;16;0.54;19.59;82;88317
9700;2024-11-01T07:25:36;2;2;2;2;20;20;20;20;0.53;19.61;82;88318
9701;2024-11-01T07:26:38;2;2;2;2;19;19;19;19;0.52;19.57;82;88321
9702;2024-11-01T07:27:39;3;3;3;3;23;24;24;24;0.52;19.47;84;88319
9703;2024-11-01T07:28:41;3;3;3;3;25;25;25;25;0.52;19.54;84;88319
9704;2024-11-01T07:29:42;3;3;3;3;22;22;22;22;0.54;19.55;82;88323
9705;2024-11-01T07:30:43;3;3;3;3;24;24;24;24;0.53;19.6;82;88319
9706;2024-11-01T07:31:45;3;3;3;3;24;24;24;24;0.52;19.71;81;88326
9707;2024-11-01T07:32:46;3;3;3;3;27;27;27;27;0.54;19.86;80;88331
9708;2024-11-01T07:33:48;4;4;4;4;32;32;32;32;0.54;19.93;80;88327
9709;2024-11-01T07:34:49;3;3;3;3;28;28;28;28;0.54;19.96;82;88327
9710;2024-11-01T07:35:51;3;3;3;3;24;24;24;24;0.53;20.01;81;88328
9711;2024-11-01T07:36:52;3;3;3;3;24;24;24;24;0.53;19.83;81;88329
9712;2024-11-01T07:37:54;3;3;3;3;22;22;22;22;0.53;19.8;82;88331
9713;2024-11-01T07:38:55;2;2;2;2;21;21;21;21;0.52;19.89;83;88338
9714;2024-11-01T07:39:57;2;2;2;2;21;21;21;21;0.53;19.9;83;88339
9715;2024-11-01T07:40:58;3;3;3;3;23;23;23;23;0.52;20.03;82;88334
9716;2024-11-01T07:42:00;3;3;3;3;26;26;26;26;0.51;19.97;82;88344
9717;2024-11-01T07:43:01;2;2;2;2;20;20;20;20;0.51;19.83;82;88334
9718;2024-11-01T07:44:02;3;3;3;3;22;22;22;22;0.49;19.86;82;88344
9719;2024-11-01T07:45:04;4;4;4;4;31;31;31;31;0.5;19.84;81;88341
9720;2024-11-01T07:46:05;13;13;13;13;107;108;108;108;0.48;20.04;82;88342
9721;2024-11-01T07:47:07;11;12;12;12;97;97;97;97;0.42;20.09;83;88344
9722;2024-11-01T07:48:08;5;5;5;5;39;39;39;39;0.45;20.01;81;88339
9723;2024-11-01T07:49:10;5;5;5;5;41;41;41;41;0.45;20.15;80;88346
9724;2024-11-01T07:50:11;3;3;3;3;29;29;29;29;0.46;20.21;79;88346
9725;2024-11-01T07:51:13;4;4;4;4;31;31;31;31;0.48;20.31;80;88344
9726;2024-11-01T07:52:14;3;3;3;3;28;28;28;28;0.47;20.09;79;88348
9727;2024-11-01T07:53:16;3;3;3;3;27;27;27;27;0.48;20.08;78;88348
9728;2024-11-01T07:54:17;3;3;3;3;29;29;29;29;0.48;20.29;79;88352
9729;2024-11-01T07:55:19;4;4;4;4;30;30;30;30;0.51;20.38;81;88351
9730;2024-11-01T07:56:20;4;4;4;4;32;32;32;32;0.5;20.44;81;88359
9731;2024-11-01T07:57:22;6;6;6;6;50;50;50;50;0.49;20.53;80;88356
9732;2024-11-01T07:58:23;4;4;4;4;33;33;33;33;0.48;20.41;79;88353
9733;2024-11-01T07:59:25;3;3;3;3;24;24;24;24;0.49;20.37;80;88360
9734;2024-11-01T08:00:26;3;3;3;3;24;24;24;24;0.49;20.4;81;88356
9735;2024-11-01T08:01:27;3;4;4;4;30;30;30;30;0.48;20.5;81;88360
9736;2024-11-01T08:02:29;4;4;4;4;33;33;33;33;0.47;20.62;81;88364
9737;2024-11-01T08:03:30;2;2;2;2;21;21;21;21;0.47;20.67;80;88357
9738;2024-11-01T08:04:32;3;3;3;3;22;22;22;22;0.47;20.78;80;88361
9739;2024-11-01T08:05:33;2;2;2;2;20;20;20;20;0.49;20.82;79;88361
9740;2024-11-01T08:06:35;2;2;2;2;21;21;21;21;0.5;20.73;79;88360
9741;2024-11-01T08:07:36;2;2;2;2;19;19;19;19;0.51;20.83;78;88366
9742;2024-11-01T08:08:38;2;2;2;2;16;16;16;16;0.51;20.88;78;88365
9743;2024-11-01T08:09:39;2;2;2;2;15;15;15;15;0.52;20.97;78;88364
9744;2024-11-01T08:10:41;2;2;2;2;19;19;19;19;0.52;21.03;78;88370
9745;2024-11-01T08:11:42;2;2;2;2;17;17;17;17;0.53;21.0;76;88374
9746;2024-11-01T08:12:44;1;1;1;1;11;11;11;11;0.53;21.07;75;88370
9747;2024-11-01T08:13:45;2;2;2;2;13;13;13;13;0.53;21.16;75;88366
9748;2024-11-01T08:14:47;5;5;5;5;39;39;39;39;0.5;21.21;77;88370
9749;2024-11-01T08:15:48;2;2;2;2;16;16;16;16;0.5;21.19;77;88378
9750;2024-11-01T08:16:50;1;1;1;1;12;12;12;12;0.51;20.85;72;88374
9751;2024-11-01T08:17:51;1;1;1;1;12;12;12;12;0.52;21.1;75;88374
9752;2024-11-01T08:18:52;1;1;1;1;12;12;12;12;0.52;20.82;72;88383
9753;2024-11-01T08:19:54;1;1;1;1;12;12;12;12;0.51;21.09;72;88384
9754;2024-11-01T08:20:55;1;2;2;2;13;13;13;13;0.5;21.23;73;88387
9755;2024-11-01T08:21:57;1;1;1;1;11;11;11;11;0.51;21.28;71;88388
9756;2024-11-01T08:22:58;1;1;1;1;11;11;11;11;0.52;20.98;71;88384
9757;2024-11-01T08:24:00;1;1;1;1;12;12;12;12;0.51;21.18;72;88382
9758;2024-11-01T08:25:01;1;1;1;1;12;12;12;12;0.51;21.23;74;88387
9759;2024-11-01T08:26:03;1;2;2;2;13;13;13;13;0.51;21.29;71;88385
9760;2024-11-01T08:27:04;2;2;2;2;16;16;16;16;0.5;21.42;73;88384
9761;2024-11-01T08:28:06;9;9;9;9;74;74;74;74;0.46;21.47;73;88378
9762;2024-11-01T08:29:07;2;2;2;2;14;14;14;14;0.47;21.6;74;88387
9763;2024-11-01T08:30:09;2;2;2;2;20;20;20;20;0.48;21.59;76;88386
9764;2024-11-01T08:31:10;2;2;2;2;17;17;17;17;0.49;21.43;71;88389
9765;2024-11-01T08:32:11;2;2;2;2;15;15;15;15;0.5;21.63;71;88384
9766;2024-11-01T08:33:13;2;2;2;2;14;14;14;14;0.52;21.7;72;88389
9767;2024-11-01T08:34:14;2;2;2;2;15;15;15;15;0.54;21.58;74;88387
9768;2024-11-01T08:35:16;2;2;2;2;18;18;18;18;0.56;21.7;70;88388
9769;2024-11-01T08:36:17;3;3;3;3;25;25;25;25;0.55;21.82;71;88381
9770;2024-11-01T08:37:19;4;4;4;4;30;30;30;30;0.53;21.88;72;88381
9771;2024-11-01T08:38:20;6;6;6;6;53;53;53;53;0.51;21.8;73;88391
9772;2024-11-01T08:39:22;8;8;8;8;66;66;66;66;0.46;21.82;70;88389
9773;2024-11-01T08:40:23;3;3;3;3;23;23;23;23;0.44;21.91;72;88386
9774;2024-11-01T08:41:25;4;4;4;4;33;33;33;33;0.45;22.11;72;88384
9775;2024-11-01T08:42:26;4;4;4;4;32;32;32;32;0.46;22.23;72;88388
9776;2024-11-01T08:43:28;3;3;3;3;27;27;27;27;0.46;22.12;72;88389
9777;2024-11-01T08:44:29;3;3;3;3;26;26;26;26;0.47;22.28;70;88394
9778;2024-11-01T08:45:31;3;3;3;3;25;25;25;25;0.48;22.45;70;88392
9779;2024-11-01T08:46:32;5;5;5;5;39;39;39;39;0.48;22.56;71;88390
9780;2024-11-01T08:47:34;3;3;3;3;24;24;24;24;0.5;22.49;69;88391
9781;2024-11-01T08:48:35;2;2;2;2;18;18;18;18;0.5;22.33;68;88397
9782;2024-11-01T08:49:36;2;2;2;2;18;18;18;18;0.5;22.28;67;88389
9783;2024-11-01T08:50:38;2;2;2;2;20;20;20;20;0.49;22.25;67;88390
9784;2024-11-01T08:51:39;2;2;2;2;20;20;20;20;0.48;22.27;66;88391
9785;2024-11-01T08:52:41;4;5;5;5;38;38;38;38;0.47;22.56;67;88393
9786;2024-11-01T08:53:42;2;2;2;2;21;21;21;21;0.48;22.61;70;88393
9787;2024-11-01T08:54:44;2;2;2;2;20;20;20;20;0.49;22.6;69;88397
9788;2024-11-01T08:55:45;3;3;3;3;25;26;26;26;0.51;22.57;68;88395
9789;2024-11-01T08:56:47;3;3;3;3;27;27;27;27;0.53;22.54;71;88388
9790;2024-11-01T08:57:48;3;3;3;3;27;27;27;27;0.51;22.8;68;88397
9791;2024-11-01T08:58:50;6;6;6;6;52;52;52;52;0.53;22.95;69;88395
9792;2024-11-01T08:59:51;3;3;3;3;25;25;25;25;0.51;23.01;69;88397
9793;2024-11-01T09:00:53;2;2;2;2;16;16;16;16;0.51;23.03;68;88397
9794;2024-11-01T09:01:54;2;2;2;2;21;21;21;21;0.51;23.21;68;88393
9795;2024-11-01T09:02:56;3;3;3;3;23;23;23;23;0.51;23.09;67;88400
9796;2024-11-01T09:03:57;2;2;2;2;19;19;19;19;0.5;23.15;65;88398
9797;2024-11-01T09:04:58;2;2;2;2;18;18;18;18;0.51;23.13;65;88400
9798;2024-11-01T09:06:00;3;3;3;3;22;22;22;22;0.5;23.42;67;88403
9799;2024-11-01T09:07:01;2;2;2;2;17;17;17;17;0.49;23.14;67;88404
9800;2024-11-01T09:08:03;2;2;2;2;15;15;15;15;0.49;23.22;67;88403
9801;2024-11-01T09:09:04;2;2;2;2;16;16;16;16;0.5;23.0;66;88409
9802;2024-11-01T09:10:06;3;3;3;3;22;22;22;22;0.5;23.11;70;88401
9803;2024-11-01T09:11:07;3;3;3;3;29;29;29;29;0.5;22.95;69;88402
9804;2024-11-01T09:12:09;3;4;4;4;30;30;30;30;0.51;22.44;70;88401
9805;2024-11-01T09:13:10;4;4;4;4;30;30;30;30;0.52;22.69;71;88407
9806;2024-11-01T09:14:12;4;4;4;4;34;35;35;35;0.53;22.7;68;88411
9807;2024-11-01T09:15:13;4;4;4;4;31;31;31;31;0.53;22.56;68;88402
9808;2024-11-01T09:16:15;4;4;4;4;33;33;33;33;0.53;22.42;68;88404
9809;2024-11-01T09:17:16;5;5;5;5;43;43;43;43;0.53;22.62;66;88400
9810;2024-11-01T09:18:18;4;4;4;4;33;33;33;33;0.53;22.71;66;88401
9811;2024-11-01T09:19:19;4;4;4;4;34;34;34;34;0.53;22.71;66;88401
9812;2024-11-01T09:20:21;4;4;4;4;30;30;30;30;0.53;22.81;69;88399
9813;2024-11-01T09:21:22;3;3;3;3;28;28;28;28;0.53;23.05;70;88401
9814;2024-11-01T09:22:24;4;4;4;4;32;32;32;32;0.53;22.85;67;88396
9815;2024-11-01T09:23:25;3;4;4;4;29;29;29;29;0.53;22.55;69;88400
9816;2024-11-01T09:24:26;3;4;4;4;29;30;30;30;0.54;22.48;68;88401
9817;2024-11-01T09:25:28;5;5;5;5;44;44;44;44;0.51;22.53;69;88405
9818;2024-11-01T09:26:29;4;5;5;5;38;38;38;38;0.51;22.53;67;88397
9819;2024-11-01T09:27:31;4;4;4;4;37;37;37;37;0.52;23.0;68;88398
9820;2024-11-01T09:28:32;5;5;5;5;46;46;46;46;0.52;22.54;68;88399
9821;2024-11-01T09:29:34;6;6;6;6;51;51;51;51;0.52;22.59;69;88403
9822;2024-11-01T09:30:35;5;5;5;5;42;42;42;42;0.54;22.5;68;88399
9823;2024-11-01T09:31:37;5;5;5;5;41;41;41;41;0.55;22.86;68;88395
9824;2024-11-01T09:32:38;5;5;5;5;41;41;41;41;0.54;22.92;67;88398
9825;2024-11-01T09:33:40;7;7;7;7;58;58;58;58;0.52;22.72;65;88389
9826;2024-11-01T09:34:41;2;2;2;2;20;20;20;20;0.51;22.39;65;88399
9827;2024-11-01T09:35:43;2;2;2;2;15;15;15;15;0.5;22.55;69;88386
9828;2024-11-01T09:36:44;2;2;2;2;21;21;21;21;0.49;22.97;68;88386
9829;2024-11-01T09:37:46;4;4;4;4;31;31;31;31;0.5;22.92;64;88384
9830;2024-11-01T09:38:47;4;4;4;4;34;35;35;35;0.5;23.15;64;88387
9831;2024-11-01T09:39:48;4;4;4;4;31;31;31;31;0.5;22.96;63;88382
9832;2024-11-01T09:40:50;3;3;3;3;29;29;29;29;0.5;22.9;67;88389
9833;2024-11-01T09:41:51;2;2;2;2;21;21;21;21;0.52;22.85;66;88389
9834;2024-11-01T09:42:53;3;3;3;3;28;29;29;29;0.53;23.0;66;88388
9835;2024-11-01T09:43:54;4;4;4;4;34;34;34;34;0.53;23.3;68;88392
9836;2024-11-01T09:44:56;3;4;4;4;30;30;30;30;0.53;22.85;65;88384
9837;2024-11-01T09:45:57;4;4;4;4;32;33;33;33;0.53;22.83;66;88393
9838;2024-11-01T09:46:59;3;3;3;3;28;28;28;28;0.51;23.11;65;88382
9839;2024-11-01T09:48:00;4;4;4;4;36;36;36;36;0.51;23.68;66;88384
9840;2024-11-01T09:49:02;5;5;5;5;39;39;39;39;0.5;23.04;62;88382
9841;2024-11-01T09:50:03;4;4;4;4;33;33;33;33;0.52;23.43;65;88378
9842;2024-11-01T09:51:05;4;4;4;4;35;35;35;35;0.51;23.47;64;88389
9843;2024-11-01T09:52:06;2;2;2;2;19;19;19;19;0.5;23.11;68;88376
9844;2024-11-01T09:53:08;2;2;2;2;18;18;18;18;0.5;22.81;65;88380
9845;2024-11-01T09:54:09;2;3;3;3;21;21;21;21;0.5;23.25;66;88386
9846;2024-11-01T09:55:11;6;6;6;6;47;48;48;48;0.5;23.33;64;88386
9847;2024-11-01T09:56:12;3;3;3;3;24;24;24;24;0.51;23.21;64;88388
9848;2024-11-01T09:57:14;3;3;3;3;22;22;22;22;0.51;23.64;65;88386
9849;2024-11-01T09:58:15;3;3;3;3;23;23;23;23;0.52;23.38;64;88387
9850;2024-11-01T09:59:16;3;3;3;3;27;27;27;27;0.53;23.73;68;88383
9851;2024-11-01T10:00:18;3;3;3;3;27;27;27;27;0.52;23.68;64;88387
9852;2024-11-01T10:01:19;3;3;3;3;29;29;29;29;0.52;23.83;65;88385
9853;2024-11-01T10:02:21;4;4;4;4;30;30;30;30;0.51;23.99;62;88386
9854;2024-11-01T10:03:22;4;4;4;4;31;31;31;31;0.51;23.71;63;88385
9855;2024-11-01T10:04:24;4;4;4;4;31;31;31;31;0.49;24.16;64;88388
9856;2024-11-01T10:05:25;3;3;3;3;25;25;25;25;0.51;23.6;62;88386
9857;2024-11-01T10:06:27;3;3;3;3;25;25;25;25;0.53;23.85;63;88382
9858;2024-11-01T10:07:28;3;3;3;3;25;25;25;25;0.53;23.66;62;88376
9859;2024-11-01T10:08:30;3;3;3;3;22;22;22;22;0.53;23.72;63;88387
9860;2024-11-01T10:09:31;2;3;3;3;21;21;21;21;0.54;23.53;64;88387
9861;2024-11-01T10:10:33;3;3;3;3;23;23;23;23;0.54;23.82;62;88378
9862;2024-11-01T10:11:34;3;3;3;3;22;22;22;22;0.53;23.49;61;88375
9863;2024-11-01T10:12:36;2;2;2;2;19;19;19;19;0.53;23.93;60;88372
9864;2024-11-01T10:13:37;3;3;3;3;24;24;24;24;0.53;23.54;60;88377
9865;2024-11-01T10:14:38;3;3;3;3;27;27;27;27;0.53;23.66;61;88378
9866;2024-11-01T10:15:40;3;3;3;3;26;26;26;26;0.52;23.92;59;88371
9867;2024-11-01T10:16:41;3;3;3;3;25;25;25;25;0.52;24.42;59;88381
9868;2024-11-01T10:17:43;19;20;20;20;165;165;165;165;0.55;24.71;60;88374
9869;2024-11-01T10:18:44;3;3;3;3;22;22;22;22;0.58;24.83;68;88369
9870;2024-11-01T10:19:46;3;3;3;3;24;24;24;24;0.54;24.45;63;88375
9871;2024-11-01T10:20:47;3;3;3;3;21;21;21;21;0.52;24.3;64;88370
9872;2024-11-01T10:21:49;3;3;3;3;21;21;21;21;0.52;24.23;63;88371
9873;2024-11-01T10:22:50;2;2;2;2;19;19;19;19;0.51;24.26;64;88370
9874;2024-11-01T10:23:52;4;4;4;4;33;33;33;33;0.51;24.64;63;88371
9875;2024-11-01T10:24:53;3;3;3;3;25;25;25;25;0.5;24.74;66;88372
9876;2024-11-01T10:25:55;3;3;3;3;22;22;22;22;0.51;24.65;64;88371
9877;2024-11-01T10:26:56;2;2;2;2;21;21;21;21;0.5;24.01;63;88364
9878;2024-11-01T10:27:58;2;2;2;2;19;19;19;19;0.5;24.25;66;88365
9879;2024-11-01T10:28:59;2;2;2;2;20;20;20;20;0.49;24.36;67;88368
9880;2024-11-01T10:30:01;2;2;2;2;20;20;20;20;0.48;23.98;66;88355
9881;2024-11-01T10:31:02;3;3;3;3;27;27;27;27;0.49;23.6;65;88366
9882;2024-11-01T10:32:04;3;3;3;3;23;23;23;23;0.5;23.99;66;88367
9883;2024-11-01T10:33:05;3;3;3;3;24;24;24;24;0.51;24.24;65;88369
9884;2024-11-01T10:34:06;2;2;2;2;19;19;19;19;0.51;24.33;63;88369
9885;2024-11-01T10:35:08;2;2;2;2;18;18;18;18;0.51;24.02;65;88368
9886;2024-11-01T10:36:09;2;2;2;2;19;19;19;19;0.51;23.65;66;88373
9887;2024-11-01T10:37:11;2;2;2;2;21;21;21;21;0.51;24.23;67;88371
9888;2024-11-01T10:38:12;2;2;2;2;18;18;18;18;0.51;23.88;65;88371
9889;2024-11-01T10:39:14;3;3;3;3;22;22;22;22;0.51;23.95;65;88365
9890;2024-11-01T10:40:15;3;3;3;3;22;22;22;22;0.53;23.86;67;88365
9891;2024-11-01T10:41:17;2;2;2;2;19;19;19;19;0.52;24.07;69;88368
9892;2024-11-01T10:42:18;2;2;2;2;20;20;20;20;0.52;23.99;67;88365
9893;2024-11-01T10:43:20;3;3;3;3;22;22;22;22;0.52;23.95;65;88364
9894;2024-11-01T10:44:21;3;3;3;3;23;23;23;23;0.52;23.7;65;88372
9895;2024-11-01T10:45:23;4;4;4;4;30;30;30;30;0.53;23.9;66;88371
9896;2024-11-01T10:46:24;2;2;2;2;20;20;20;20;0.52;23.85;64;88372
9897;2024-11-01T10:47:26;2;2;2;2;18;18;18;18;0.51;23.86;65;88374
9898;2024-11-01T10:48:27;2;2;2;2;20;20;20;20;0.51;24.58;64;88372
9899;2024-11-01T10:49:29;3;3;3;3;22;22;22;22;0.51;24.19;66;88366
9900;2024-11-01T10:50:30;2;2;2;2;17;17;17;17;0.51;23.86;65;88358
9901;2024-11-01T10:51:32;2;2;2;2;19;19;19;19;0.51;24.18;64;88361
9902;2024-11-01T10:52:33;2;2;2;2;19;19;19;19;0.52;24.16;63;88359
9903;2024-11-01T10:53:34;2;3;3;3;21;21;21;21;0.53;23.82;62;88362
9904;2024-11-01T10:54:36;2;2;2;2;16;16;16;16;0.53;24.11;62;88360
9905;2024-11-01T10:55:37;2;2;2;2;18;18;18;18;0.54;24.1;62;88353
9906;2024-11-01T10:56:39;2;2;2;2;19;19;19;19;0.53;24.31;63;88361
9907;2024-11-01T10:57:40;2;2;2;2;18;19;19;19;0.51;24.59;61;88357
9908;2024-11-01T10:58:42;2;2;2;2;19;19;19;19;0.51;24.33;62;88361
9909;2024-11-01T10:59:43;2;2;2;2;17;18;18;18;0.5;24.23;64;88344
9910;2024-11-01T11:00:45;2;2;2;2;19;19;19;19;0.5;24.39;66;88350
9911;2024-11-01T11:01:46;2;2;2;2;20;20;20;20;0.5;24.12;62;88348
9912;2024-11-01T11:02:48;2;2;2;2;18;18;18;18;0.51;24.48;64;88347
9913;2024-11-01T11:03:49;2;2;2;2;16;16;16;16;0.51;24.6;62;88353
9914;2024-11-01T11:04:51;2;2;2;2;18;18;18;18;0.51;24.71;64;88341
9915;2024-11-01T11:05:52;2;2;2;2;19;19;19;19;0.52;24.56;64;88342
9916;2024-11-01T11:06:54;3;3;3;3;23;23;23;23;0.52;24.29;62;88347
9917;2024-11-01T11:07:55;2;2;2;2;16;16;16;16;0.5;24.71;62;88336
9918;2024-11-01T11:08:57;2;2;2;2;18;18;18;18;0.49;24.59;62;88343
9919;2024-11-01T11:09:58;2;2;2;2;19;19;19;19;0.5;24.8;63;88337
9920;2024-11-01T11:11:00;3;4;4;4;30;30;30;30;0.48;24.82;65;88337
9921;2024-11-01T11:12:01;2;2;2;2;18;18;18;18;0.5;24.42;63;88333
9922;2024-11-01T11:13:02;2;3;3;3;21;21;21;21;0.5;25.06;61;88341
9923;2024-11-01T11:14:04;2;2;2;2;18;18;18;18;0.5;25.31;64;88335
9924;2024-11-01T11:15:05;3;3;3;3;21;21;21;21;0.51;25.4;62;88337
9925;2024-11-01T11:16:07;3;3;3;3;26;26;26;26;0.51;24.85;62;88344
9926;2024-11-01T11:17:08;2;2;2;2;17;17;17;17;0.51;24.92;66;88338
9927;2024-11-01T11:18:10;2;2;2;2;16;16;16;16;0.51;24.49;63;88338
9928;2024-11-01T11:19:11;2;2;2;2;15;15;15;15;0.52;24.95;64;88337
9929;2024-11-01T11:20:13;2;2;2;2;18;18;18;18;0.54;25.13;66;88332
9930;2024-11-01T11:21:14;2;2;2;2;15;15;15;15;0.54;24.97;65;88345
9931;2024-11-01T11:22:16;2;2;2;2;16;17;17;17;0.54;25.39;67;88336
9932;2024-11-01T11:23:17;2;2;2;2;16;16;16;16;0.53;24.59;61;88338
9933;2024-11-01T11:24:19;2;2;2;2;17;17;17;17;0.52;24.35;63;88339
9934;2024-11-01T11:25:20;2;2;2;2;16;16;16;16;0.52;24.67;61;88332
9935;2024-11-01T11:26:22;2;2;2;2;15;15;15;15;0.52;24.53;64;88327
9936;2024-11-01T11:27:23;2;2;2;2;15;15;15;15;0.51;24.81;64;88333
9937;2024-11-01T11:28:25;2;2;2;2;15;15;15;15;0.52;24.76;63;88327
9938;2024-11-01T11:29:26;2;2;2;2;17;17;17;17;0.51;24.72;63;88321
9939;2024-11-01T11:30:28;3;3;3;3;23;23;23;23;0.5;24.91;61;88320
9940;2024-11-01T11:31:29;3;3;3;3;22;22;22;22;0.48;25.51;62;88325
9941;2024-11-01T11:32:30;2;2;2;2;16;16;16;16;0.49;24.82;62;88324
9942;2024-11-01T11:33:32;2;2;2;2;16;16;16;16;0.49;24.66;62;88323
9943;2024-11-01T11:34:33;1;1;1;1;12;13;13;13;0.49;24.87;64;88320
9944;2024-11-01T11:35:35;2;2;2;2;15;15;15;15;0.49;24.78;62;88322
9945;2024-11-01T11:36:36;2;2;2;2;19;19;19;19;0.5;24.8;64;88321
9946;2024-11-01T11:37:38;2;2;2;2;18;19;19;19;0.49;25.04;65;88315
9947;2024-11-01T11:38:39;3;3;3;3;26;26;26;26;0.5;25.13;63;88313
9948;2024-11-01T11:39:41;2;2;2;2;18;19;19;19;0.5;24.55;64;88310
9949;2024-11-01T11:40:42;2;2;2;2;19;19;19;19;0.5;25.09;68;88307
9950;2024-11-01T11:41:44;2;2;2;2;20;20;20;20;0.51;25.28;67;88301
9951;2024-11-01T11:42:45;2;2;2;2;18;18;18;18;0.51;25.49;62;88309
9952;2024-11-01T11:43:47;2;2;2;2;17;17;17;17;0.51;25.48;63;88298
9953;2024-11-01T11:44:48;2;2;2;2;17;17;17;17;0.51;25.05;64;88303
9954;2024-11-01T11:45:50;2;2;2;2;14;14;14;14;0.5;24.85;64;88306
9955;2024-11-01T11:46:51;2;2;2;2;15;15;15;15;0.5;24.93;63;88296
9956;2024-11-01T11:47:53;2;2;2;2;16;16;16;16;0.5;24.85;62;88292
9957;2024-11-01T11:48:54;2;2;2;2;17;17;17;17;0.5;24.77;62;88293
9958;2024-11-01T11:49:56;2;2;2;2;19;19;19;19;0.52;24.94;64;88281
9959;2024-11-01T11:50:57;2;2;2;2;16;16;16;16;0.51;25.41;65;88282
9960;2024-11-01T11:51:58;3;3;3;3;25;25;25;25;0.5;25.58;65;88284
9961;2024-11-01T11:53:00;3;3;3;3;22;22;22;22;0.49;25.66;62;88279
9962;2024-11-01T11:54:01;4;4;4;4;35;35;35;35;0.49;25.85;64;88273
9963;2024-11-01T11:55:03;3;3;3;3;22;22;22;22;0.49;26.07;66;88276
9964;2024-11-01T11:56:04;3;3;3;3;23;23;23;23;0.49;25.77;60;88270
9965;2024-11-01T11:57:06;2;2;2;2;18;18;18;18;0.5;25.08;64;88273
9966;2024-11-01T11:58:07;2;2;2;2;16;16;16;16;0.48;25.46;62;88272
9967;2024-11-01T11:59:09;2;2;2;2;20;20;20;20;0.49;24.89;62;88271
9968;2024-11-01T12:00:10;4;5;5;5;38;38;38;38;0.54;24.87;63;88266
9969;2024-11-01T12:01:12;2;2;2;2;17;17;17;17;0.53;24.75;61;88260
9970;2024-11-01T12:02:13;2;2;2;2;15;15;15;15;0.53;25.14;62;88265
9971;2024-11-01T12:03:15;2;2;2;2;15;15;15;15;0.51;25.33;62;88271
9972;2024-11-01T12:04:16;2;2;2;2;16;16;16;16;0.52;24.98;62;88259
9973;2024-11-01T12:05:18;2;2;2;2;13;13;13;13;0.53;25.2;63;88263
9974;2024-11-01T12:06:19;2;2;2;2;14;14;14;14;0.54;24.72;61;88250
9975;2024-11-01T12:07:21;2;2;2;2;14;14;14;14;0.52;24.87;62;88254
9976;2024-11-01T12:08:22;2;2;2;2;15;15;15;15;0.52;25.0;61;88257
9977;2024-11-01T12:09:24;2;2;2;2;16;16;16;16;0.52;25.02;62;88252
9978;2024-11-01T12:10:25;2;2;2;2;15;15;15;15;0.53;24.7;60;88252
9979;2024-11-01T12:11:26;2;2;2;2;14;14;14;14;0.53;24.66;60;88247
9980;2024-11-01T12:12:28;2;2;2;2;13;13;13;13;0.54;25.13;61;88248
9981;2024-11-01T12:13:29;2;2;2;2;17;17;17;17;0.56;24.88;61;88240
9982;2024-11-01T12:14:31;2;2;2;2;16;16;16;16;0.56;24.72;62;88242
9983;2024-11-01T12:15:32;2;2;2;2;15;15;15;15;0.56;24.9;65;88240
9984;2024-11-01T12:16:34;2;2;2;2;16;16;16;16;0.53;25.43;62;88239
9985;2024-11-01T12:17:35;2;2;2;2;16;16;16;16;0.54;25.42;62;88235
9986;2024-11-01T12:18:37;2;2;2;2;16;16;16;16;0.54;25.69;63;88227
9987;2024-11-01T12:19:38;2;2;2;2;16;16;16;16;0.53;25.54;59;88230
9988;2024-11-01T12:20:40;6;6;6;6;50;51;51;51;0.53;25.16;58;88230
9989;2024-11-01T12:21:41;2;2;2;2;13;13;13;13;0.52;25.04;59;88231
9990;2024-11-01T12:22:43;1;1;1;1;12;12;12;12;0.51;24.92;60;88224
9991;2024-11-01T12:23:44;1;2;2;2;13;13;13;13;0.5;24.83;59;88228
9992;2024-11-01T12:24:46;2;2;2;2;13;13;13;13;0.5;24.57;59;88224
9993;2024-11-01T12:25:47;2;2;2;2;13;13;13;13;0.49;24.94;58;88226
9994;2024-11-01T12:26:49;2;2;2;2;13;13;13;13;0.49;25.14;58;88223
9995;2024-11-01T12:27:50;1;1;1;1;12;12;12;12;0.5;25.57;57;88211
9996;2024-11-01T12:28:51;1;1;1;1;12;12;12;12;0.49;25.48;58;88216
9997;2024-11-01T12:29:53;2;2;2;2;13;13;13;13;0.49;25.46;60;88205
9998;2024-11-01T12:30:54;1;2;2;2;13;13;13;13;0.48;25.26;60;88212
9999;2024-11-01T12:31:56;2;2;2;2;13;13;13;13;0.48;25.13;57;88204
10000;2024-11-01T12:32:57;1;1;1;1;13;13;13;13;0.48;25.53;59;88198
10001;2024-11-01T12:33:59;2;2;2;2;16;16;16;16;0.48;25.59;58;88198
10002;2024-11-01T12:35:00;2;2;2;2;17;17;17;17;0.48;25.3;58;88204
10003;2024-11-01T12:36:02;2;2;2;2;16;16;16;16;0.49;25.46;58;88203
10004;2024-11-01T12:37:03;1;1;1;1;12;12;12;12;0.5;25.65;58;88196
10005;2024-11-01T12:38:05;2;2;2;2;17;17;17;17;0.5;25.59;58;88188
10006;2024-11-01T12:39:06;3;3;3;3;29;29;29;29;0.5;25.67;56;88186
10007;2024-11-01T12:40:08;2;2;2;2;16;16;16;16;0.5;25.32;56;88188
10008;2024-11-01T12:41:09;2;2;2;2;15;15;15;15;0.51;25.9;60;88185
10009;2024-11-01T12:42:11;2;2;2;2;14;14;14;14;0.5;26.21;59;88174
10010;2024-11-01T12:43:12;2;2;2;2;15;15;15;15;0.49;26.05;58;88181
10011;2024-11-01T12:44:14;2;2;2;2;15;15;15;15;0.5;25.41;56;88174
10012;2024-11-01T12:45:15;2;2;2;2;15;15;15;15;0.5;25.73;55;88180
10013;2024-11-01T12:46:17;2;2;2;2;13;13;13;13;0.51;26.21;54;88179
10014;2024-11-01T12:47:18;1;1;1;1;12;12;12;12;0.5;25.48;54;88170
10015;2024-11-01T12:48:20;2;2;2;2;13;13;13;13;0.5;25.62;55;88170
10016;2024-11-01T12:49:21;2;2;2;2;16;16;16;16;0.5;25.74;53;88165
10017;2024-11-01T12:50:23;2;2;2;2;13;13;13;13;0.5;25.62;56;88165
10018;2024-11-01T12:51:24;1;1;1;1;12;12;12;12;0.51;25.68;53;88168
10019;2024-11-01T12:52:25;1;1;1;1;12;12;12;12;0.52;25.71;53;88153
10020;2024-11-01T12:53:27;1;1;1;1;12;12;12;12;0.53;25.67;52;88161
10021;2024-11-01T12:54:28;1;1;1;1;11;11;11;11;0.52;26.04;53;88161
10022;2024-11-01T12:55:30;1;1;1;1;10;10;10;10;0.51;26.16;54;88153
10023;2024-11-01T12:56:31;1;2;2;2;13;13;13;13;0.5;26.07;52;88155
10024;2024-11-01T12:57:33;1;1;1;1;11;11;11;11;0.5;26.21;54;88155
10025;2024-11-01T12:58:34;1;2;2;2;13;13;13;13;0.51;26.5;52;88144
10026;2024-11-01T12:59:36;1;1;1;1;10;10;10;10;0.52;26.08;50;88142
10027;2024-11-01T13:00:37;1;1;1;1;12;12;12;12;0.53;26.18;51;88140
10028;2024-11-01T13:01:39;1;1;1;1;10;10;10;10;0.53;26.58;52;88136
10029;2024-11-01T13:02:40;1;1;1;1;11;11;11;11;0.52;26.8;56;88134
10030;2024-11-01T13:03:42;1;1;1;1;12;12;12;12;0.53;26.71;51;88129
10031;2024-11-01T13:04:43;1;1;1;1;10;10;10;10;0.53;26.46;50;88124
10032;2024-11-01T13:05:45;1;1;1;1;9;9;9;9;0.53;26.43;48;88122
10033;2024-11-01T13:06:46;1;1;1;1;12;12;12;12;0.54;26.91;53;88122
10034;2024-11-01T13:07:48;1;1;1;1;10;10;10;10;0.54;27.2;48;88114
10035;2024-11-01T13:08:49;1;1;1;1;9;9;9;9;0.54;27.06;46;88116
10036;2024-11-01T13:09:51;1;1;1;1;8;8;8;8;0.54;27.09;47;88109
10037;2024-11-01T13:10:52;1;1;1;1;7;7;7;7;0.54;26.97;49;88112
10038;2024-11-01T13:11:53;1;1;1;1;9;9;9;9;0.53;27.29;49;88109
10039;2024-11-01T13:12:55;1;1;1;1;9;9;9;9;0.52;27.35;47;88102
10040;2024-11-01T13:13:56;1;1;1;1;10;10;10;10;0.52;27.07;50;88101
10041;2024-11-01T13:14:58;1;1;1;1;9;9;9;9;0.52;27.28;48;88097
10042;2024-11-01T13:15:59;2;2;2;2;20;20;20;20;0.51;27.38;47;88100
10043;2024-11-01T13:17:01;1;1;1;1;8;8;8;8;0.51;26.98;46;88102
10044;2024-11-01T13:18:02;1;1;1;1;7;7;7;7;0.51;26.63;45;88096
10045;2024-11-01T13:19:04;1;1;1;1;8;8;8;8;0.51;26.52;45;88095
10046;2024-11-01T13:20:05;1;1;1;1;8;8;8;8;0.5;27.13;48;88087
10047;2024-11-01T13:21:07;1;1;1;1;9;9;9;9;0.5;26.98;47;88081
10048;2024-11-01T13:22:08;1;1;1;1;11;11;11;11;0.51;27.01;47;88087
10049;2024-11-01T13:23:10;1;1;1;1;12;13;13;13;0.52;26.78;50;88085
10050;2024-11-01T13:24:11;2;2;2;2;14;14;14;14;0.52;27.15;48;88079
10051;2024-11-01T13:25:13;1;1;1;1;12;12;12;12;0.53;27.48;49;88081
10052;2024-11-01T13:26:14;1;1;1;1;10;10;10;10;0.54;27.41;48;88078
10053;2024-11-01T13:27:16;2;2;2;2;18;18;18;18;0.54;26.98;48;88081
10054;2024-11-01T13:28:17;2;2;2;2;13;13;13;13;0.54;26.68;51;88068
10055;2024-11-01T13:29:19;2;2;2;2;15;15;15;15;0.54;27.33;50;88074
10056;2024-11-01T13:30:20;1;1;1;1;12;13;13;13;0.53;27.56;48;88065
10057;2024-11-01T13:31:22;2;2;2;2;14;14;14;14;0.53;27.77;46;88065
10058;2024-11-01T13:32:23;2;2;2;2;16;16;16;16;0.54;27.78;46;88063
10059;2024-11-01T13:33:24;2;2;2;2;13;13;13;13;0.54;28.05;50;88064
10060;2024-11-01T13:34:26;2;2;2;2;21;21;21;21;0.55;27.37;49;88055
10061;2024-11-01T13:35:27;2;2;2;2;17;17;17;17;0.54;27.84;47;88053
10062;2024-11-01T13:36:29;2;2;2;2;13;13;13;13;0.54;28.02;47;88049
10063;2024-11-01T13:37:30;2;2;2;2;13;13;13;13;0.55;27.78;50;88044
10064;2024-11-01T13:38:32;2;2;2;2;13;13;13;13;0.55;27.61;48;88041
10065;2024-11-01T13:39:33;1;1;1;1;12;12;12;12;0.55;27.79;49;88043
10066;2024-11-01T13:40:35;2;2;2;2;16;16;16;16;0.55;27.11;48;88030
10067;2024-11-01T13:41:36;2;2;2;2;15;15;15;15;0.55;27.41;48;88040
10068;2024-11-01T13:42:38;2;2;2;2;16;16;16;16;0.54;27.33;50;88028
10069;2024-11-01T13:43:39;2;2;2;2;16;16;16;16;0.53;27.27;49;88025
10070;2024-11-01T13:44:41;2;2;2;2;15;15;15;15;0.52;27.48;46;88027
10071;2024-11-01T13:45:42;2;2;2;2;16;16;16;16;0.52;27.27;46;88020
10072;2024-11-01T13:46:44;2;2;2;2;18;18;18;18;0.52;27.26;49;88023
10073;2024-11-01T13:47:45;2;2;2;2;19;19;19;19;0.52;27.0;49;88018
10074;2024-11-01T13:48:47;2;2;2;2;15;15;15;15;0.52;27.16;48;88013
10075;2024-11-01T13:49:48;2;2;2;2;18;18;18;18;0.51;26.96;47;88012
10076;2024-11-01T13:50:50;2;2;2;2;17;17;17;17;0.52;27.32;50;88019
10077;2024-11-01T13:51:51;2;2;2;2;18;18;18;18;0.51;27.39;48;88010
10078;2024-11-01T13:52:53;2;2;2;2;14;14;14;14;0.53;27.56;50;88008
10079;2024-11-01T13:53:54;2;2;2;2;16;16;16;16;0.53;28.28;55;88013
10080;2024-11-01T13:54:56;2;2;2;2;14;14;14;14;0.52;27.63;48;88003
10081;2024-11-01T13:55:57;2;2;2;2;14;14;14;14;0.53;27.47;48;87999
10082;2024-11-01T13:56:58;2;2;2;2;16;16;16;16;0.54;28.1;51;88000
10083;2024-11-01T13:58:00;6;6;6;6;48;48;48;48;0.47;28.3;48;87997
10084;2024-11-01T13:59:01;4;4;4;4;30;30;30;30;0.49;28.41;45;87994
10085;2024-11-01T14:00:03;3;3;3;3;25;25;25;25;0.5;28.23;47;87995
10086;2024-11-01T14:01:04;2;2;2;2;18;18;18;18;0.51;28.07;47;87995
10087;2024-11-01T14:02:06;2;2;2;2;14;14;14;14;0.52;27.55;47;87988
10088;2024-11-01T14:03:07;2;2;2;2;16;16;16;16;0.54;27.52;47;87995
10089;2024-11-01T14:04:09;1;1;1;1;12;12;12;12;0.54;27.9;48;87982
10090;2024-11-01T14:05:10;1;1;1;1;12;12;12;12;0.53;28.4;49;87987
10091;2024-11-01T14:06:12;1;1;1;1;12;12;12;12;0.54;28.18;47;87983
10092;2024-11-01T14:07:13;1;1;1;1;12;12;12;12;0.54;28.35;47;87990
10093;2024-11-01T14:08:15;2;2;2;2;14;14;14;14;0.54;28.27;46;87985
10094;2024-11-01T14:09:16;2;2;2;2;13;13;13;13;0.53;28.06;45;87983
10095;2024-11-01T14:10:18;2;2;2;2;13;13;13;13;0.51;28.13;44;87986
10096;2024-11-01T14:11:19;2;2;2;2;14;14;14;14;0.5;28.02;44;87982
10097;2024-11-01T14:12:21;2;2;2;2;14;14;14;14;0.51;27.64;44;87973
10098;2024-11-01T14:13:22;2;2;2;2;17;17;17;17;0.53;27.44;43;87973
10099;2024-11-01T14:14:24;2;2;2;2;14;14;14;14;0.54;27.35;45;87968
10100;2024-11-01T14:15:25;1;1;1;1;11;11;11;11;0.55;28.2;45;87970
10101;2024-11-01T14:16:27;2;2;2;2;15;15;15;15;0.55;27.47;45;87977
10102;2024-11-01T14:17:28;2;2;2;2;16;16;16;16;0.53;27.58;46;87965
10103;2024-11-01T14:18:29;1;1;1;1;12;12;12;12;0.53;27.84;47;87969
10104;2024-11-01T14:19:31;2;2;2;2;15;15;15;15;0.52;28.33;44;87960
10105;2024-11-01T14:20:32;2;2;2;2;15;15;15;15;0.52;28.06;45;87962
10106;2024-11-01T14:21:34;2;2;2;2;16;16;16;16;0.53;27.93;43;87965
10107;2024-11-01T14:22:35;2;2;2;2;18;18;18;18;0.52;28.49;44;87959
10108;2024-11-01T14:23:37;2;2;2;2;17;17;17;17;0.56;28.66;45;87962
10109;2024-11-01T14:24:38;3;3;3;3;27;27;27;27;0.57;28.34;46;87956
10110;2024-11-01T14:25:40;4;4;4;4;37;37;37;37;0.5;27.83;44;87951
10111;2024-11-01T14:26:41;2;2;2;2;16;16;16;16;0.51;27.79;44;87950
10112;2024-11-01T14:27:43;2;2;2;2;14;14;14;14;0.51;27.69;45;87942
10113;2024-11-01T14:28:44;1;1;1;1;12;12;12;12;0.51;27.81;46;87945
10114;2024-11-01T14:29:46;1;1;1;1;12;12;12;12;0.52;27.72;47;87954
10115;2024-11-01T14:30:47;2;2;2;2;13;13;13;13;0.51;27.64;46;87941
10116;2024-11-01T14:31:49;1;2;2;2;13;13;13;13;0.51;28.08;45;87942
10117;2024-11-01T14:32:50;2;2;2;2;14;14;14;14;0.5;27.93;47;87940
10118;2024-11-01T14:33:52;2;2;2;2;15;15;15;15;0.51;27.39;46;87944
10119;2024-11-01T14:34:53;2;2;2;2;15;15;15;15;0.51;27.96;46;87947
10120;2024-11-01T14:35:55;2;2;2;2;16;16;16;16;0.51;27.15;45;87937
10121;2024-11-01T14:36:56;2;2;2;2;14;14;14;14;0.52;27.85;47;87937
10122;2024-11-01T14:37:58;1;1;1;1;12;12;12;12;0.51;27.94;46;87934
10123;2024-11-01T14:38:59;2;2;2;2;15;15;15;15;0.51;28.34;46;87935
10124;2024-11-01T14:40:01;2;2;2;2;17;17;17;17;0.52;27.81;46;87931
10125;2024-11-01T14:41:02;2;2;2;2;15;15;15;15;0.52;27.72;46;87933
10126;2024-11-01T14:42:04;2;2;2;2;20;20;20;20;0.52;27.7;46;87927
10127;2024-11-01T14:43:05;2;2;2;2;19;19;19;19;0.52;27.74;44;87933
10128;2024-11-01T14:44:06;2;2;2;2;21;21;21;21;0.52;27.77;45;87931
10129;2024-11-01T14:45:08;3;3;3;3;24;24;24;24;0.54;27.79;44;87924
10130;2024-11-01T14:46:09;2;2;2;2;17;17;17;17;0.54;27.99;45;87918
10131;2024-11-01T14:47:11;3;3;3;3;23;24;24;24;0.55;28.61;49;87923
10132;2024-11-01T14:48:12;5;5;5;5;41;41;41;41;0.5;27.99;44;87919
10133;2024-11-01T14:49:14;2;3;3;3;21;21;21;21;0.5;27.6;45;87918
10134;2024-11-01T14:50:15;2;2;2;2;21;21;21;21;0.5;27.65;45;87915
10135;2024-11-01T14:51:17;2;2;2;2;18;18;18;18;0.48;27.55;46;87917
10136;2024-11-01T14:52:18;2;2;2;2;16;16;16;16;0.48;27.97;48;87908
10137;2024-11-01T14:53:20;2;2;2;2;16;16;16;16;0.49;27.94;49;87912
10138;2024-11-01T14:54:21;2;2;2;2;15;15;15;15;0.48;27.55;48;87911
10139;2024-11-01T14:55:23;2;2;2;2;17;17;17;17;0.48;27.83;50;87913
10140;2024-11-01T14:56:24;3;3;3;3;26;26;26;26;0.52;28.07;50;87908
10141;2024-11-01T14:57:26;2;2;2;2;17;17;17;17;0.53;28.18;50;87904
10142;2024-11-01T14:58:27;2;2;2;2;20;20;20;20;0.53;28.46;47;87908
10143;2024-11-01T14:59:29;3;3;3;3;24;24;24;24;0.54;28.42;48;87896
10144;2024-11-01T15:00:30;2;2;2;2;20;20;20;20;0.55;28.57;49;87900
10145;2024-11-01T15:01:32;2;2;2;2;20;20;20;20;0.55;28.42;48;87900
10146;2024-11-01T15:02:33;3;3;3;3;26;26;26;26;0.56;27.79;47;87907
10147;2024-11-01T15:03:35;2;2;2;2;19;19;19;19;0.55;27.99;47;87900
10148;2024-11-01T15:04:36;2;2;2;2;18;18;18;18;0.56;28.62;50;87891
10149;2024-11-01T15:05:37;2;2;2;2;13;13;13;13;0.56;27.63;47;87896
10150;2024-11-01T15:06:39;2;2;2;2;17;17;17;17;0.55;27.89;47;87894
10151;2024-11-01T15:07:40;2;2;2;2;15;15;15;15;0.53;27.37;46;87892
10152;2024-11-01T15:08:42;2;2;2;2;18;18;18;18;0.52;27.44;48;87888
10153;2024-11-01T15:09:43;2;2;2;2;17;17;17;17;0.53;28.17;48;87892
10154;2024-11-01T15:10:45;2;2;2;2;16;16;16;16;0.54;27.89;48;87892
10155;2024-11-01T15:11:46;2;2;2;2;13;13;13;13;0.56;27.85;47;87889
10156;2024-11-01T15:12:48;1;2;2;2;12;12;12;12;0.57;27.66;47;87890
10157;2024-11-01T15:13:49;3;3;3;3;22;22;22;22;0.58;27.89;48;87880
10158;2024-11-01T15:14:51;3;4;4;4;27;28;28;28;0.59;28.38;48;87883
10159;2024-11-01T15:15:52;2;2;2;2;17;17;17;17;0.59;28.13;46;87880
10160;2024-11-01T15:16:54;2;2;2;2;13;13;13;13;0.57;28.34;47;87885
10161;2024-11-01T15:17:55;2;2;2;2;16;16;16;16;0.57;28.09;46;87884
10162;2024-11-01T15:18:57;2;2;2;2;14;14;14;14;0.57;28.14;47;87880
10163;2024-11-01T15:19:58;2;2;2;2;15;15;15;15;0.56;28.33;47;87885
10164;2024-11-01T15:21:00;3;4;4;4;29;29;29;29;0.56;28.21;46;87883
10165;2024-11-01T15:22:01;3;3;3;3;23;23;23;23;0.54;28.42;46;87880
10166;2024-11-01T15:23:03;2;2;2;2;19;19;19;19;0.54;28.48;46;87886
10167;2024-11-01T15:24:04;2;2;2;2;13;13;13;13;0.52;28.23;49;87881
10168;2024-11-01T15:25:06;2;2;2;2;16;16;16;16;0.51;28.43;47;87876
10169;2024-11-01T15:26:07;2;2;2;2;18;18;18;18;0.52;28.3;45;87872
10170;2024-11-01T15:27:09;2;2;2;2;18;18;18;18;0.51;28.15;48;87878
10171;2024-11-01T15:28:10;2;2;2;2;18;18;18;18;0.51;28.43;47;87876
10172;2024-11-01T15:29:11;3;3;3;3;22;22;22;22;0.54;28.48;47;87881
10173;2024-11-01T15:30:13;4;4;4;4;32;32;32;32;0.56;28.37;47;87873
10174;2024-11-01T15:31:14;2;2;2;2;16;16;16;16;0.59;27.99;49;87881
10175;2024-11-01T15:32:16;2;2;2;3;17;17;17;17;0.58;27.96;48;87876
10176;2024-11-01T15:33:17;2;2;2;2;14;14;14;14;0.57;27.96;48;87882
10177;2024-11-01T15:34:19;2;2;3;3;20;20;20;20;0.57;27.79;47;87879
10178;2024-11-01T15:35:20;2;2;2;2;18;18;18;18;0.57;28.18;49;87877
10179;2024-11-01T15:36:22;2;3;3;3;21;21;21;21;0.58;28.49;48;87877
10180;2024-11-01T15:37:23;2;2;2;2;14;14;14;14;0.56;28.1;50;87875
10181;2024-11-01T15:38:25;2;2;2;2;19;19;19;19;0.55;27.73;49;87879
10182;2024-11-01T15:39:26;2;2;2;2;18;18;18;18;0.54;28.09;50;87878
10183;2024-11-01T15:40:28;2;2;2;2;17;17;17;17;0.55;28.59;49;87876
10184;2024-11-01T15:41:29;2;2;2;2;19;19;19;19;0.55;28.16;50;87882
10185;2024-11-01T15:42:31;2;2;2;2;17;17;17;17;0.55;28.29;50;87867
10186;2024-11-01T15:43:32;3;3;3;3;25;25;25;25;0.54;28.4;50;87864
10187;2024-11-01T15:44:34;2;2;2;2;18;18;18;18;0.55;28.18;51;87874
10188;2024-11-01T15:45:35;2;2;2;2;19;19;19;19;0.55;28.18;49;87871
10189;2024-11-01T15:46:37;2;2;2;2;21;21;21;21;0.54;28.26;49;87867
10190;2024-11-01T15:47:38;2;2;2;2;19;19;19;19;0.54;28.52;49;87872
10191;2024-11-01T15:48:40;4;4;4;4;30;31;31;31;0.55;28.47;48;87869
10192;2024-11-01T15:49:41;3;3;3;3;24;24;24;24;0.56;28.7;47;87870
10193;2024-11-01T15:50:43;3;3;3;3;24;24;24;24;0.55;28.62;49;87867
10194;2024-11-01T15:51:44;2;2;2;2;20;20;20;20;0.54;28.33;48;87868
10195;2024-11-01T15:52:45;2;2;2;2;18;18;18;18;0.55;28.17;49;87861
10196;2024-11-01T15:53:47;3;3;3;3;25;25;25;25;0.55;28.63;49;87863
10197;2024-11-01T15:54:48;3;3;3;3;26;26;26;26;0.53;28.56;47;87864
10198;2024-11-01T15:55:50;4;4;4;4;31;31;31;31;0.54;29.29;49;87868
10199;2024-11-01T15:56:51;4;4;4;4;35;35;35;35;0.53;29.06;48;87860
10200;2024-11-01T15:57:53;2;2;2;2;19;19;19;19;0.52;29.0;49;87868
10201;2024-11-01T15:58:54;3;3;3;3;22;22;22;22;0.51;28.93;48;87870
10202;2024-11-01T15:59:56;4;4;4;4;35;35;35;35;0.52;28.96;49;87873
10203;2024-11-01T16:00:57;3;3;3;3;23;23;23;23;0.51;28.44;51;87867
10204;2024-11-01T16:01:59;2;2;2;2;21;21;21;21;0.5;28.78;48;87868
10205;2024-11-01T16:03:00;2;2;2;2;18;18;18;18;0.5;28.47;47;87862
10206;2024-11-01T16:04:02;2;2;2;2;20;20;20;20;0.51;28.43;49;87868
10207;2024-11-01T16:05:03;2;2;2;2;16;16;16;16;0.51;28.06;50;87861
10208;2024-11-01T16:06:05;2;2;2;2;18;18;18;18;0.52;28.54;50;87864
10209;2024-11-01T16:07:06;2;2;2;2;19;20;20;20;0.52;28.66;47;87867
10210;2024-11-01T16:08:08;2;2;2;2;15;15;15;15;0.52;28.48;47;87877
10211;2024-11-01T16:09:09;2;2;2;2;15;15;15;15;0.52;28.6;46;87870
10212;2024-11-01T16:10:11;2;2;2;2;21;21;21;21;0.52;28.67;47;87871
10213;2024-11-01T16:11:12;2;2;2;2;17;17;17;17;0.54;28.29;47;87871
10214;2024-11-01T16:12:14;2;2;2;2;16;16;16;16;0.53;28.18;47;87874
10215;2024-11-01T16:13:15;2;2;2;2;18;18;18;18;0.53;28.29;46;87870
10216;2024-11-01T16:14:17;2;2;2;2;16;16;16;16;0.53;28.09;48;87879
10217;2024-11-01T16:15:18;4;4;4;4;30;30;30;30;0.55;28.05;48;87880
10218;2024-11-01T16:16:19;2;2;2;2;19;19;19;19;0.56;27.92;48;87882
10219;2024-11-01T16:17:21;2;2;2;2;18;19;19;19;0.56;27.98;49;87885
10220;2024-11-01T16:18:22;2;2;2;2;16;16;16;16;0.55;27.93;48;87872
10221;2024-11-01T16:19:24;3;3;3;3;25;25;25;25;0.54;28.12;49;87879
10222;2024-11-01T16:20:25;2;2;2;2;20;20;20;20;0.55;28.02;47;87885
10223;2024-11-01T16:21:27;2;2;2;2;20;20;20;20;0.55;27.96;47;87870
10224;2024-11-01T16:22:28;3;3;3;3;26;26;26;26;0.55;28.02;49;87879
10225;2024-11-01T16:23:30;3;3;3;3;27;28;28;28;0.53;27.96;50;87879
10226;2024-11-01T16:24:31;3;3;3;3;27;27;27;27;0.56;28.01;51;87881
10227;2024-11-01T16:25:33;3;3;3;3;25;25;25;25;0.55;27.68;51;87876
10228;2024-11-01T16:26:34;3;3;3;3;25;25;25;25;0.52;27.56;49;87886
10229;2024-11-01T16:27:36;2;2;2;2;18;18;18;18;0.5;27.7;50;87886
10230;2024-11-01T16:28:37;2;2;2;2;21;21;21;21;0.52;27.89;48;87883
10231;2024-11-01T16:29:39;4;4;4;4;35;35;35;35;0.53;27.9;49;87879
10232;2024-11-01T16:30:40;2;2;2;2;16;16;16;16;0.52;28.16;50;87877
10233;2024-11-01T16:31:42;2;2;2;2;16;16;16;16;0.5;27.97;49;87874
10234;2024-11-01T16:32:43;2;2;2;2;21;21;21;21;0.5;27.94;50;87873
10235;2024-11-01T16:33:45;2;2;2;2;20;20;20;20;0.49;28.2;51;87876
10236;2024-11-01T16:34:46;3;3;3;3;22;22;22;22;0.48;27.99;50;87875
10237;2024-11-01T16:35:48;3;3;3;3;22;23;23;23;0.49;27.74;52;87881
10238;2024-11-01T16:36:49;3;3;3;3;24;24;24;24;0.5;27.66;51;87868
10239;2024-11-01T16:37:51;2;2;2;2;20;20;20;20;0.51;27.71;53;87879
10240;2024-11-01T16:38:52;2;2;2;2;19;19;19;19;0.51;27.87;54;87870
10241;2024-11-01T16:39:54;2;2;2;2;18;18;18;18;0.52;27.55;52;87881
10242;2024-11-01T16:40:55;2;2;2;2;20;20;20;20;0.52;27.67;53;87872
10243;2024-11-01T16:41:56;2;2;2;2;21;21;21;21;0.52;27.45;53;87876
10244;2024-11-01T16:42:58;2;2;2;2;20;20;20;20;0.53;27.58;53;87886
10245;2024-11-01T16:43:59;2;2;2;2;19;19;19;19;0.53;27.36;52;87877
10246;2024-11-01T16:45:01;2;3;3;3;21;21;21;21;0.54;27.47;54;87879
10247;2024-11-01T16:46:02;2;3;3;3;21;21;21;21;0.53;27.52;54;87881
10248;2024-11-01T16:47:04;2;2;2;2;21;21;21;21;0.53;27.67;56;87886
10249;2024-11-01T16:48:05;2;2;2;2;20;20;20;20;0.53;27.53;54;87876
10250;2024-11-01T16:49:07;3;3;3;3;23;23;23;23;0.53;27.53;55;87876
10251;2024-11-01T16:50:08;5;5;5;5;42;42;42;42;0.51;27.39;56;87886
10252;2024-11-01T16:51:10;3;3;3;3;28;28;28;28;0.53;27.34;56;87882
10253;2024-11-01T16:52:11;2;2;2;2;21;21;21;21;0.52;27.29;57;87884
10254;2024-11-01T16:53:13;3;3;3;3;23;23;23;23;0.52;27.39;57;87878
10255;2024-11-01T16:54:14;2;2;2;2;16;17;17;17;0.52;27.07;57;87878
10256;2024-11-01T16:55:16;3;3;3;3;22;22;22;22;0.52;27.05;57;87886
10257;2024-11-01T16:56:17;7;8;8;8;63;63;63;63;0.52;26.98;58;87881
10258;2024-11-01T16:57:19;3;3;3;3;26;26;26;26;0.52;26.99;59;87885
10259;2024-11-01T16:58:20;3;3;3;3;28;28;28;28;0.52;26.89;57;87882
10260;2024-11-01T16:59:22;3;4;4;4;30;30;30;30;0.51;26.71;59;87887
10261;2024-11-01T17:00:23;3;3;3;3;29;29;29;29;0.52;26.65;59;87887
10262;2024-11-01T17:01:25;2;2;2;2;17;17;17;17;0.53;26.75;59;87877
10263;2024-11-01T17:02:26;3;3;3;3;25;25;25;25;0.53;26.57;59;87879
10264;2024-11-01T17:03:28;3;3;3;3;27;27;27;27;0.56;26.65;59;87879
10265;2024-11-01T17:04:29;3;3;3;3;23;23;23;23;0.56;26.4;58;87879
10266;2024-11-01T17:05:30;3;3;3;3;24;24;24;24;0.54;26.45;60;87878
10267;2024-11-01T17:06:32;2;2;2;2;21;21;21;21;0.56;26.53;60;87881
10268;2024-11-01T17:07:33;3;3;3;3;25;25;25;25;0.56;26.46;59;87885
10269;2024-11-01T17:08:35;3;3;3;3;25;25;25;25;0.57;26.52;60;87882
10270;2024-11-01T17:09:36;3;3;3;3;26;26;26;26;0.55;26.39;60;87883
10271;2024-11-01T17:10:38;3;3;3;3;29;29;29;29;0.53;26.28;61;87885
10272;2024-11-01T17:11:39;3;3;3;3;25;25;25;25;0.53;26.64;60;87891
10273;2024-11-01T17:12:41;3;3;3;3;24;24;24;24;0.54;26.89;59;87885
10274;2024-11-01T17:13:42;3;4;4;4;29;29;29;29;0.53;27.02;59;87892
10275;2024-11-01T17:14:44;3;3;3;3;24;24;24;24;0.53;27.19;59;87895
10276;2024-11-01T17:15:45;3;3;3;3;26;26;26;26;0.53;27.31;58;87900
10277;2024-11-01T17:16:47;3;3;3;3;23;23;23;23;0.53;27.53;59;87892
10278;2024-11-01T17:17:48;3;3;3;3;26;26;26;26;0.53;27.55;58;87901
10279;2024-11-01T17:18:50;3;3;3;3;25;25;25;25;0.54;27.61;58;87899
10280;2024-11-01T17:19:51;6;6;7;7;49;50;50;50;0.59;27.66;59;87897
10281;2024-11-01T17:20:53;4;5;6;6;34;35;35;35;0.62;27.73;58;87899
10282;2024-11-01T17:21:54;3;3;4;4;24;25;25;25;0.58;27.73;57;87899
10283;2024-11-01T17:22:56;3;4;4;4;28;29;29;29;0.59;27.77;58;87898
10284;2024-11-01T17:23:57;3;4;4;4;29;30;30;30;0.58;27.79;58;87901
10285;2024-11-01T17:24:59;4;4;4;4;31;32;32;32;0.55;27.55;58;87903
10286;2024-11-01T17:26:00;3;4;4;4;29;29;29;29;0.56;27.72;57;87906
10287;2024-11-01T17:27:02;5;5;5;5;41;41;41;41;0.56;27.63;57;87912
10288;2024-11-01T17:28:03;4;4;4;4;34;35;35;35;0.55;27.73;58;87912
10289;2024-11-01T17:29:04;6;6;7;7;53;54;54;54;0.56;27.67;57;87907
10290;2024-11-01T17:30:06;7;7;7;7;60;60;60;60;0.55;27.69;57;87912
10291;2024-11-01T17:31:07;6;6;6;6;54;54;54;54;0.55;27.82;57;87912
10292;2024-11-01T17:32:09;6;6;6;6;51;51;51;51;0.55;27.91;57;87912
10293;2024-11-01T17:33:10;7;7;7;7;56;57;57;57;0.54;27.88;57;87911
10294;2024-11-01T17:34:12;8;8;8;8;67;67;67;67;0.53;27.77;57;87910
10295;2024-11-01T17:35:13;8;8;8;8;70;70;70;70;0.51;27.92;56;87914
10296;2024-11-01T17:36:15;8;8;8;8;69;70;70;70;0.51;27.97;56;87910
10297;2024-11-01T17:37:16;8;8;8;8;68;68;68;68;0.55;27.99;56;87910
10298;2024-11-01T17:38:18;7;7;7;7;62;62;62;62;0.53;28.04;56;87909
10299;2024-11-01T17:39:19;7;8;8;8;64;64;64;64;0.53;27.97;56;87911
10300;2024-11-01T17:40:21;7;7;7;7;62;62;62;62;0.55;27.75;57;87912
10301;2024-11-01T17:41:22;7;7;7;7;62;62;62;62;0.55;27.57;57;87915
10302;2024-11-01T17:42:24;8;8;8;8;67;67;67;67;0.57;27.63;58;87910
10303;2024-11-01T17:43:25;8;8;8;8;67;67;67;67;0.55;27.59;58;87907
10304;2024-11-01T17:44:27;8;8;8;8;65;65;65;65;0.55;27.47;59;87920
10305;2024-11-01T17:45:28;9;9;9;9;76;76;76;76;0.53;27.47;59;87917
10306;2024-11-01T17:46:30;10;10;10;10;83;83;83;83;0.52;27.42;59;87921
10307;2024-11-01T17:47:31;11;11;11;11;92;92;92;92;0.54;27.41;59;87919
10308;2024-11-01T17:48:33;11;11;11;11;95;95;95;95;0.55;27.44;60;87916
10309;2024-11-01T17:49:34;13;13;13;13;107;108;108;108;0.57;27.22;61;87918
10310;2024-11-01T17:50:35;13;14;14;14;114;114;114;114;0.55;27.21;61;87922
10311;2024-11-01T17:51:37;14;14;14;14;121;121;121;121;0.55;27.33;60;87920
10312;2024-11-01T17:52:38;14;14;14;14;118;118;118;118;0.54;27.35;61;87924
10313;2024-11-01T17:53:40;13;13;13;13;109;109;109;109;0.54;27.28;60;87921
10314;2024-11-01T17:54:41;14;14;14;14;121;121;121;121;0.55;27.25;61;87924
10315;2024-11-01T17:55:43;14;14;14;14;117;117;117;117;0.54;27.21;61;87924
10316;2024-11-01T17:56:44;19;19;19;19;161;162;162;162;0.55;27.22;60;87926
10317;2024-11-01T17:57:46;14;15;15;15;123;123;123;123;0.57;27.14;62;87937
10318;2024-11-01T17:58:47;12;12;12;12;100;101;101;101;0.56;27.16;60;87933
10319;2024-11-01T17:59:49;11;11;11;11;94;95;95;95;0.52;27.21;60;87933
10320;2024-11-01T18:00:50;11;12;12;12;98;98;98;98;0.55;27.11;60;87932
10321;2024-11-01T18:01:52;9;10;10;10;81;81;81;81;0.54;27.16;60;87936
10322;2024-11-01T18:02:53;12;12;12;12;103;103;103;103;0.51;27.04;61;87939
10323;2024-11-01T18:03:55;24;25;25;25;205;205;205;205;0.44;27.03;61;87942
10324;2024-11-01T18:04:56;10;10;10;10;83;83;83;83;0.48;26.98;61;87947
10325;2024-11-01T18:05:58;9;9;9;9;78;79;79;79;0.52;27.0;61;87947
10326;2024-11-01T18:06:59;9;9;9;9;78;78;78;78;0.55;27.03;61;87956
10327;2024-11-01T18:08:01;8;8;8;8;67;68;68;68;0.56;27.09;61;87956
10328;2024-11-01T18:09:02;8;8;8;8;71;71;71;71;0.55;27.03;61;87954
10329;2024-11-01T18:10:04;8;8;8;8;66;66;66;66;0.52;26.91;60;87956
10330;2024-11-01T18:11:05;8;8;8;8;64;64;64;64;0.51;26.71;61;87956
10331;2024-11-01T18:12:07;8;8;8;8;66;66;66;66;0.5;26.65;62;87955
10332;2024-11-01T18:13:08;9;9;9;9;73;73;73;73;0.53;26.82;61;87957
10333;2024-11-01T18:14:10;8;8;8;8;67;67;67;67;0.55;26.92;60;87960
10334;2024-11-01T18:15:11;7;8;8;8;64;64;64;64;0.54;26.78;61;87958
10335;2024-11-01T18:16:13;8;8;8;8;67;67;67;67;0.54;26.83;62;87958
10336;2024-11-01T18:17:14;8;8;8;8;64;65;65;65;0.54;26.87;61;87961
10337;2024-11-01T18:18:16;8;8;8;8;64;64;64;64;0.55;26.82;61;87959
10338;2024-11-01T18:19:17;7;8;8;8;64;64;64;64;0.56;26.6;63;87964
10339;2024-11-01T18:20:18;8;8;8;8;66;66;66;66;0.55;26.62;62;87962
10340;2024-11-01T18:21:20;7;7;7;7;62;62;62;62;0.54;26.57;65;87961
10341;2024-11-01T18:22:21;7;7;7;7;59;59;59;59;0.52;26.55;64;87963
10342;2024-11-01T18:23:23;7;7;7;7;60;61;61;61;0.52;26.49;63;87965
10343;2024-11-01T18:24:24;7;7;7;7;59;59;59;59;0.53;26.55;63;87966
10344;2024-11-01T18:25:26;6;6;6;6;54;54;54;54;0.54;26.4;63;87967
10345;2024-11-01T18:26:27;7;7;7;7;56;56;56;56;0.53;26.52;62;87972
10346;2024-11-01T18:27:29;7;7;7;7;56;56;56;56;0.51;26.57;62;87974
10347;2024-11-01T18:28:30;17;18;18;18;148;149;149;149;0.51;26.45;62;87973
10348;2024-11-01T18:29:32;9;9;9;9;73;74;74;74;0.49;26.21;63;87978
10349;2024-11-01T18:30:33;7;7;7;7;56;57;57;57;0.5;26.18;63;87977
10350;2024-11-01T18:31:35;6;7;7;7;54;54;54;54;0.49;26.16;63;87974
10351;2024-11-01T18:32:36;6;6;6;6;54;54;54;54;0.5;26.26;63;87976
10352;2024-11-01T18:33:38;7;7;7;7;57;58;58;58;0.51;26.23;63;87984
10353;2024-11-01T18:34:39;7;7;7;7;62;62;62;62;0.53;26.29;62;87975
10354;2024-11-01T18:35:41;8;8;8;8;65;65;65;65;0.52;26.29;63;87968
10355;2024-11-01T18:36:42;7;7;7;7;57;57;57;57;0.52;26.3;62;87969
10356;2024-11-01T18:37:44;6;7;7;7;55;55;55;55;0.51;26.34;61;87970
10357;2024-11-01T18:38:45;7;7;7;7;56;56;56;56;0.51;26.18;64;87970
10358;2024-11-01T18:39:47;6;7;7;7;55;55;55;55;0.5;26.08;64;87970
10359;2024-11-01T18:40:48;6;6;6;6;52;52;52;52;0.49;26.01;64;87971
10360;2024-11-01T18:41:49;6;6;6;6;47;47;47;47;0.5;25.96;64;87972
10361;2024-11-01T18:42:51;5;5;5;5;44;44;44;44;0.52;25.91;64;87977
10362;2024-11-01T18:43:52;5;6;6;6;46;46;46;46;0.52;25.99;63;87977
10363;2024-11-01T18:44:54;5;5;5;5;43;43;43;43;0.52;26.06;63;87978
10364;2024-11-01T18:45:55;6;6;6;6;48;48;48;48;0.53;26.05;64;87980
10365;2024-11-01T18:46:57;5;5;5;5;45;45;45;45;0.52;26.11;63;87980
10366;2024-11-01T18:47:58;6;6;6;6;50;50;50;50;0.52;26.01;63;87983
10367;2024-11-01T18:49:00;6;6;6;6;47;47;47;47;0.52;25.92;63;87984
10368;2024-11-01T18:50:01;5;6;6;6;46;46;46;46;0.52;25.91;63;87988
10369;2024-11-01T18:51:03;5;5;5;5;44;44;44;44;0.52;25.8;63;87989
10370;2024-11-01T18:52:04;5;6;6;6;47;47;47;47;0.52;25.94;63;87987
10371;2024-11-01T18:53:06;6;6;6;6;51;51;51;51;0.53;25.83;63;87987
10372;2024-11-01T18:54:07;6;6;6;6;53;53;53;53;0.55;25.99;62;87988
10373;2024-11-01T18:55:09;6;6;6;6;51;51;51;51;0.56;25.96;62;87989
10374;2024-11-01T18:56:10;6;6;6;6;53;53;53;53;0.54;25.97;62;87990
10375;2024-11-01T18:57:12;6;7;7;7;54;55;55;55;0.54;26.06;61;87989
10376;2024-11-01T18:58:13;6;6;6;6;54;54;54;54;0.53;26.03;61;87993
10377;2024-11-01T18:59:15;6;6;6;6;50;50;50;50;0.54;26.02;61;87998
10378;2024-11-01T19:00:16;7;7;7;7;56;56;56;56;0.55;25.96;64;87997
10379;2024-11-01T19:01:18;6;7;7;7;55;55;55;55;0.55;25.94;64;87997
10380;2024-11-01T19:02:19;7;7;7;7;58;58;58;58;0.54;25.84;64;88003
10381;2024-11-01T19:03:20;6;7;7;7;55;55;55;55;0.53;25.81;64;88001
10382;2024-11-01T19:04:22;7;7;7;7;58;58;58;58;0.52;25.7;64;88003
10383;2024-11-01T19:05:23;6;6;6;6;49;49;49;49;0.53;25.56;64;88004
10384;2024-11-01T19:06:25;7;7;7;7;60;60;60;60;0.55;25.42;65;88001
10385;2024-11-01T19:07:26;7;7;7;7;58;59;59;59;0.55;25.31;64;88006
10386;2024-11-01T19:08:28;7;7;7;7;60;61;61;61;0.53;25.3;65;88006
10387;2024-11-01T19:09:29;7;7;7;7;59;60;60;60;0.55;25.12;66;88002
10388;2024-11-01T19:10:31;8;8;8;8;70;70;70;70;0.54;25.28;65;88008
10389;2024-11-01T19:11:32;7;7;7;7;61;61;61;61;0.55;25.38;66;88012
10390;2024-11-01T19:12:34;9;9;9;9;76;77;77;77;0.59;25.49;65;88011
10391;2024-11-01T19:13:35;10;10;10;10;81;82;82;82;0.58;25.51;64;88013
10392;2024-11-01T19:14:37;7;7;7;7;61;61;61;61;0.55;25.48;65;88010
10393;2024-11-01T19:15:38;6;6;6;6;49;49;49;49;0.55;25.54;65;88012
10394;2024-11-01T19:16:40;6;6;6;6;50;50;50;50;0.53;25.46;65;88023
10395;2024-11-01T19:17:41;6;6;6;6;52;52;52;52;0.51;25.49;64;88011
10396;2024-11-01T19:18:43;7;7;7;7;59;59;59;59;0.52;25.58;65;88020
10397;2024-11-01T19:19:44;8;8;8;8;65;65;65;65;0.52;25.64;64;88026
10398;2024-11-01T19:20:46;8;8;8;8;70;70;70;70;0.53;25.7;64;88021
10399;2024-11-01T19:21:47;7;8;8;8;63;63;63;63;0.51;25.67;64;88025
10400;2024-11-01T19:22:49;8;8;8;8;69;69;69;69;0.52;25.56;66;88020
10401;2024-11-01T19:23:50;8;9;9;9;72;72;72;72;0.53;25.56;67;88025
10402;2024-11-01T19:24:51;9;9;9;9;73;73;73;73;0.51;25.35;66;88027
10403;2024-11-01T19:25:53;8;9;9;9;71;71;71;71;0.52;25.41;65;88026
10404;2024-11-01T19:26:54;9;9;9;9;75;75;75;75;0.54;25.26;66;88033
10405;2024-11-01T19:27:56;8;8;8;8;70;70;70;70;0.54;24.43;70;88039
10406;2024-11-01T19:28:57;10;10;10;10;83;83;83;83;0.53;24.03;74;88039
10407;2024-11-01T19:29:59;10;10;10;10;84;84;84;84;0.56;24.27;72;88046
10408;2024-11-01T19:31:00;11;12;13;13;91;93;93;93;0.62;24.73;70;88037
10409;2024-11-01T19:32:02;11;12;14;14;88;90;90;90;0.62;24.81;71;88046
10410;2024-11-01T19:33:03;10;12;13;13;86;88;88;88;0.58;24.94;70;88048
10411;2024-11-01T19:34:05;10;10;11;11;81;82;82;82;0.57;25.03;70;88044
10412;2024-11-01T19:35:06;9;10;11;11;78;79;79;79;0.59;25.05;70;88047
10413;2024-11-01T19:36:08;10;10;10;11;81;82;82;82;0.58;25.08;69;88053
10414;2024-11-01T19:37:09;10;11;11;11;84;84;85;85;0.58;25.08;69;88056
10415;2024-11-01T19:38:11;10;11;11;11;88;89;89;89;0.56;25.12;69;88057
10416;2024-11-01T19:39:12;11;12;12;12;93;94;94;94;0.57;25.21;66;88061
10417;2024-11-01T19:40:14;12;12;12;12;99;99;99;99;0.55;25.22;68;88060
10418;2024-11-01T19:41:15;12;12;12;12;98;99;99;99;0.53;24.56;71;88074
10419;2024-11-01T19:42:17;13;14;14;14;115;115;115;115;0.52;24.82;69;88064
10420;2024-11-01T19:43:18;13;14;14;14;114;115;115;115;0.5;24.94;70;88069
10421;2024-11-01T19:44:20;14;14;14;14;117;117;117;117;0.52;24.94;69;88064
10422;2024-11-01T19:45:21;15;15;15;15;126;127;127;127;0.53;24.92;70;88061
10423;2024-11-01T19:46:22;18;18;18;18;152;152;152;152;0.52;24.83;71;88065
10424;2024-11-01T19:47:24;17;18;18;18;148;149;149;149;0.51;24.89;70;88068
10425;2024-11-01T19:48:25;14;14;14;14;120;121;121;121;0.51;24.94;70;88064
10426;2024-11-01T19:49:27;13;14;14;14;113;114;114;114;0.51;25.0;70;88067
10427;2024-11-01T19:50:28;13;13;13;13;112;112;112;112;0.5;25.07;69;88071
10428;2024-11-01T19:51:30;14;14;14;14;119;120;120;120;0.48;24.98;70;88080
10429;2024-11-01T19:52:31;16;16;16;16;137;137;137;137;0.53;24.9;70;88075
10430;2024-11-01T19:53:33;17;18;18;18;147;147;147;147;0.53;24.87;70;88087
10431;2024-11-01T19:54:34;18;18;18;18;154;154;154;154;0.53;24.97;69;88090
10432;2024-11-01T19:55:36;18;18;18;18;150;150;150;150;0.52;25.07;68;88088
10433;2024-11-01T19:56:37;17;18;18;18;149;149;149;149;0.52;25.21;66;88091
10434;2024-11-01T19:57:39;18;18;18;18;154;154;154;154;0.54;25.24;68;88095
10435;2024-11-01T19:58:40;19;20;20;20;164;165;165;165;0.51;25.34;66;88096
10436;2024-11-01T19:59:42;21;21;21;21;176;177;177;177;0.52;25.37;66;88097
10437;2024-11-01T20:00:43;21;22;22;22;183;183;183;183;0.53;25.37;68;88103
10438;2024-11-01T20:01:45;22;23;23;23;190;190;190;190;0.53;25.42;65;88110
10439;2024-11-01T20:02:46;21;22;22;22;181;182;182;182;0.53;25.47;66;88116
10440;2024-11-01T20:03:48;21;21;21;21;179;180;180;180;0.51;25.44;67;88115
10441;2024-11-01T20:04:49;20;20;20;20;168;168;168;168;0.52;25.11;69;88120
10442;2024-11-01T20:05:51;19;19;19;19;160;160;160;160;0.54;24.2;72;88125
10443;2024-11-01T20:06:52;21;21;21;21;178;178;178;178;0.53;24.05;72;88129
10444;2024-11-01T20:07:54;20;20;20;20;170;170;170;170;0.51;24.4;70;88135
10445;2024-11-01T20:08:55;21;22;22;22;182;182;182;182;0.52;24.56;72;88131
10446;2024-11-01T20:09:57;21;22;22;22;183;183;183;183;0.5;24.66;71;88136
10447;2024-11-01T20:10:58;22;23;23;23;189;190;190;190;0.52;24.7;70;88145
10448;2024-11-01T20:12:00;23;24;24;24;198;199;199;199;0.53;24.76;69;88136
10449;2024-11-01T20:13:01;24;24;24;24;203;204;204;204;0.51;24.75;69;88141
10450;2024-11-01T20:14:03;25;25;25;25;211;212;212;212;0.51;24.72;69;88149
10451;2024-11-01T20:15:04;28;29;29;29;239;239;239;239;0.52;24.64;69;88160
10452;2024-11-01T20:16:06;26;26;26;26;221;222;222;222;0.52;24.26;69;88158
10453;2024-11-01T20:17:07;20;20;20;20;167;167;167;167;0.5;23.84;71;88156
10454;2024-11-01T20:18:09;18;18;18;18;153;153;153;153;0.5;23.39;76;88169
10455;2024-11-01T20:19:10;16;16;16;16;136;136;136;136;0.51;23.37;77;88169
10456;2024-11-01T20:20:11;12;12;12;12;101;101;101;101;0.53;23.29;74;88172
10457;2024-11-01T20:21:13;7;7;7;7;56;56;56;56;0.52;23.25;72;88179
10458;2024-11-01T20:22:14;5;5;5;5;39;39;39;39;0.53;23.19;73;88185
10459;2024-11-01T20:23:16;4;4;4;4;37;37;37;37;0.51;23.11;73;88192
10460;2024-11-01T20:24:17;3;3;3;3;24;24;24;24;0.51;23.14;73;88194
10461;2024-11-01T20:25:19;4;4;4;4;33;33;33;33;0.49;23.15;74;88189
10462;2024-11-01T20:26:20;3;3;3;3;24;24;24;24;0.51;22.95;74;88194
10463;2024-11-01T20:27:22;3;3;3;3;21;21;21;21;0.51;22.8;76;88203
10464;2024-11-01T20:28:23;3;3;3;3;24;24;24;24;0.52;22.86;75;88201
10465;2024-11-01T20:29:25;3;3;3;3;26;26;26;26;0.53;22.97;77;88210
10466;2024-11-01T20:30:26;3;3;3;3;25;25;25;25;0.53;23.19;76;88225
10467;2024-11-01T20:31:28;3;3;3;3;24;24;24;24;0.53;22.6;78;88226
10468;2024-11-01T20:32:29;3;3;3;3;23;23;23;23;0.53;22.51;80;88226
10469;2024-11-01T20:33:31;3;3;3;3;26;26;26;26;0.52;22.49;82;88235
10470;2024-11-01T20:34:32;3;3;3;3;23;23;23;23;0.52;22.79;79;88234
10471;2024-11-01T20:35:34;3;3;3;3;24;24;24;24;0.52;22.47;80;88248
10472;2024-11-01T20:36:35;3;3;3;3;25;25;25;25;0.53;22.67;80;88249
10473;2024-11-01T20:37:36;3;3;3;3;23;23;23;23;0.54;22.71;80;88258
10474;2024-11-01T20:38:38;3;3;3;3;25;25;25;25;0.54;22.68;78;88262
10475;2024-11-01T20:39:39;3;3;3;3;25;25;25;25;0.55;23.03;78;88263
10476;2024-11-01T20:40:41;4;5;5;5;37;37;37;37;0.6;23.08;80;88264
10477;2024-11-01T20:41:42;5;5;6;6;38;39;39;39;0.63;22.88;80;88274
10478;2024-11-01T20:42:44;4;4;5;5;31;32;32;32;0.63;22.27;80;88277
10479;2024-11-01T20:43:45;3;3;4;4;25;26;26;26;0.61;22.13;80;88276
10480;2024-11-01T20:44:47;4;4;4;4;30;30;30;30;0.57;22.28;80;88281
10481;2024-11-01T20:45:48;4;4;4;4;31;31;31;31;0.58;22.15;81;88276
10482;2024-11-01T20:46:50;4;4;4;4;32;33;33;33;0.59;22.23;81;88282
10483;2024-11-01T20:47:51;3;4;4;4;28;28;28;28;0.59;21.88;82;88278
10484;2024-11-01T20:48:53;3;3;3;3;25;26;26;26;0.58;21.84;82;88276
10485;2024-11-01T20:49:54;3;3;4;4;28;28;28;28;0.59;22.21;81;88274
10486;2024-11-01T20:50:56;3;3;3;3;25;25;25;25;0.58;21.8;81;88276
10487;2024-11-01T20:51:57;3;3;3;3;27;27;27;27;0.57;21.65;81;88276
10488;2024-11-01T20:52:59;3;3;3;3;23;24;24;24;0.58;21.88;82;88282
10489;2024-11-01T20:54:00;3;3;3;3;21;22;22;22;0.58;22.14;81;88280
10490;2024-11-01T20:55:02;3;3;3;3;28;28;28;28;0.58;22.27;80;88291
10491;2024-11-01T20:56:03;3;3;3;3;25;25;25;25;0.56;22.36;80;88287
10492;2024-11-01T20:57:04;4;4;4;4;30;30;30;30;0.6;22.42;79;88291
10493;2024-11-01T20:58:06;3;4;4;4;29;29;29;29;0.62;22.48;79;88290
10494;2024-11-01T20:59:07;4;4;4;4;31;32;32;32;0.62;22.57;79;88289
10495;2024-11-01T21:00:09;3;4;4;4;27;28;28;28;0.65;22.31;77;88294
10496;2024-11-01T21:01:10;2;2;3;3;18;18;18;18;0.63;22.08;78;88296
10497;2024-11-01T21:02:12;2;3;3;3;20;20;20;20;0.61;22.24;77;88302
10498;2024-11-01T21:03:13;2;2;2;2;18;18;18;18;0.59;22.24;78;88308
10499;2024-11-01T21:04:15;3;3;3;3;22;22;22;22;0.58;22.45;78;88308
10500;2024-11-01T21:05:16;4;5;5;5;36;37;37;37;0.6;22.35;79;88305
10501;2024-11-01T21:06:18;4;4;4;5;29;30;30;30;0.64;22.38;78;88315
10502;2024-11-01T21:07:19;4;5;5;5;32;33;33;33;0.66;22.22;79;88316
10503;2024-11-01T21:08:21;3;3;4;4;24;24;24;24;0.66;21.76;80;88332
10504;2024-11-01T21:09:22;3;4;4;4;27;27;27;27;0.65;21.76;81;88327
10505;2024-11-01T21:10:24;3;3;4;4;25;26;26;26;0.63;21.47;81;88335
10506;2024-11-01T21:11:25;3;3;3;4;24;24;24;24;0.62;21.22;83;88337
10507;2024-11-01T21:12:27;2;3;3;3;21;21;21;21;0.61;20.97;82;88351
10508;2024-11-01T21:13:28;3;3;3;3;24;24;24;24;0.6;20.86;84;88343
10509;2024-11-01T21:14:30;5;5;6;6;42;42;42;42;0.59;20.82;83;88353
10510;2024-11-01T21:15:31;4;4;4;4;30;31;31;31;0.57;20.77;83;88349
10511;2024-11-01T21:16:32;3;3;3;3;25;25;25;25;0.56;20.83;84;88358
10512;2024-11-01T21:17:34;3;3;3;3;24;24;24;24;0.57;20.85;84;88347
10513;2024-11-01T21:18:35;3;3;3;3;25;26;26;26;0.57;21.15;84;88354
10514;2024-11-01T21:19:37;3;3;3;3;24;24;24;24;0.58;21.3;83;88348
10515;2024-11-01T21:20:38;3;3;3;3;25;25;26;26;0.59;21.35;82;88350
10516;2024-11-01T21:21:40;3;3;3;3;21;22;22;22;0.59;21.52;81;88358
10517;2024-11-01T21:22:41;3;3;3;3;21;22;22;22;0.6;21.67;81;88362
10518;2024-11-01T21:23:43;3;3;3;3;24;24;24;24;0.6;21.85;79;88361
10519;2024-11-01T21:24:44;3;3;3;4;25;25;25;25;0.61;21.98;78;88364
10520;2024-11-01T21:25:46;3;3;3;3;23;24;24;24;0.61;21.99;79;88356
10521;2024-11-01T21:26:47;3;3;3;3;25;25;26;26;0.6;22.12;77;88361
10522;2024-11-01T21:27:49;3;3;3;3;23;23;23;23;0.61;22.22;77;88354
10523;2024-11-01T21:28:50;3;4;4;4;28;29;29;29;0.62;22.2;77;88359
10524;2024-11-01T21:29:52;3;3;3;4;25;25;25;25;0.63;22.2;78;88354
10525;2024-11-01T21:30:53;3;3;3;4;24;25;25;25;0.62;22.25;79;88363
10526;2024-11-01T21:31:55;3;3;4;4;25;26;26;26;0.61;22.08;80;88355
10527;2024-11-01T21:32:56;3;3;3;3;21;22;22;22;0.6;22.14;78;88354
10528;2024-11-01T21:33:57;3;3;3;3;22;22;22;22;0.6;21.92;79;88355
10529;2024-11-01T21:34:59;2;2;2;2;19;19;19;19;0.57;21.99;78;88349
10530;2024-11-01T21:36:00;2;2;2;2;19;19;19;19;0.57;22.04;79;88355
10531;2024-11-01T21:37:02;2;2;2;2;17;17;17;17;0.58;21.94;79;88353
10532;2024-11-01T21:38:03;2;2;2;2;17;18;18;18;0.56;22.13;77;88352
10533;2024-11-01T21:39:05;3;3;3;3;22;22;22;22;0.54;22.17;78;88353
10534;2024-11-01T21:40:06;2;2;2;2;19;19;19;19;0.56;22.17;78;88349
10535;2024-11-01T21:41:08;2;2;2;2;19;19;19;19;0.57;22.24;76;88356
10536;2024-11-01T21:42:09;2;2;2;2;17;17;17;17;0.56;22.21;78;88350
10537;2024-11-01T21:43:11;1;1;1;1;12;12;12;12;0.56;21.7;76;88350
10538;2024-11-01T21:44:12;1;1;1;1;10;10;10;10;0.55;21.49;79;88354
10539;2024-11-01T21:45:14;1;1;1;1;10;10;10;10;0.55;21.64;78;88363
10540;2024-11-01T21:46:15;2;2;2;2;13;13;13;13;0.55;21.64;78;88361
10541;2024-11-01T21:47:17;2;2;2;2;15;15;15;15;0.55;21.72;80;88361
10542;2024-11-01T21:48:18;2;2;2;2;14;14;14;14;0.56;21.75;79;88368
10543;2024-11-01T21:49:19;2;2;2;2;15;15;15;15;0.57;21.67;78;88365
10544;2024-11-01T21:50:21;1;1;1;2;12;12;12;12;0.57;21.74;78;88362
10545;2024-11-01T21:51:22;2;2;2;2;13;13;13;13;0.57;21.31;79;88364
10546;2024-11-01T21:52:24;1;1;1;1;12;12;12;12;0.55;21.38;80;88364
10547;2024-11-01T21:53:25;1;1;1;1;10;10;10;10;0.55;21.39;79;88369
10548;2024-11-01T21:54:27;1;1;1;1;11;11;11;11;0.55;21.49;79;88365
10549;2024-11-01T21:55:28;1;1;1;1;10;10;10;10;0.56;21.4;79;88362
10550;2024-11-01T21:56:30;1;1;1;1;8;8;8;8;0.57;21.37;79;88363
10551;2024-11-01T21:57:31;1;1;1;1;10;10;10;10;0.57;21.29;79;88358
10552;2024-11-01T21:58:33;1;1;1;1;11;11;11;11;0.56;21.26;79;88359
10553;2024-11-01T21:59:34;1;1;1;1;11;11;11;11;0.57;21.32;79;88356
10554;2024-11-01T22:00:36;1;1;1;1;10;10;10;10;0.57;21.14;79;88366
10555;2024-11-01T22:01:37;1;1;1;1;11;11;11;11;0.58;21.18;79;88359
10556;2024-11-01T22:02:39;1;1;1;1;10;10;10;10;0.58;21.32;79;88363
10557;2024-11-01T22:03:40;1;1;1;1;11;11;11;11;0.58;21.27;79;88366
10558;2024-11-01T22:04:42;1;1;1;1;11;11;11;11;0.58;21.26;79;88361
10559;2024-11-01T22:05:43;1;1;1;1;8;8;8;8;0.58;21.23;78;88368
10560;2024-11-01T22:06:45;1;1;1;1;8;8;8;8;0.58;21.08;78;88369
10561;2024-11-01T22:07:46;1;1;1;1;9;9;9;9;0.57;21.22;79;88369
10562;2024-11-01T22:08:47;1;1;1;1;10;10;10;10;0.57;21.03;77;88365
10563;2024-11-01T22:09:49;1;1;1;1;7;7;7;7;0.56;20.95;80;88363
10564;2024-11-01T22:10:50;1;1;1;1;8;8;8;8;0.55;20.78;80;88366
10565;2024-11-01T22:11:52;1;1;1;1;9;9;9;9;0.55;20.84;80;88359
10566;2024-11-01T22:12:53;1;1;1;1;10;10;10;10;0.55;21.01;79;88361
10567;2024-11-01T22:13:55;1;1;1;1;12;12;12;12;0.55;21.19;79;88359
10568;2024-11-01T22:14:56;1;1;2;2;12;12;12;12;0.57;21.28;79;88345
10569;2024-11-01T22:15:58;1;1;1;1;9;9;9;9;0.56;21.34;77;88349
10570;2024-11-01T22:16:59;1;1;1;1;10;10;10;10;0.57;21.43;78;88345
10571;2024-11-01T22:18:01;1;1;1;1;9;9;9;9;0.57;21.53;77;88344
10572;2024-11-01T22:19:02;1;1;1;2;12;12;12;12;0.56;21.57;77;88351
10573;2024-11-01T22:20:04;1;1;1;1;10;10;10;10;0.56;21.55;77;88341
10574;2024-11-01T22:21:05;1;1;1;1;11;11;11;11;0.56;21.46;78;88349
10575;2024-11-01T22:22:07;1;1;1;1;10;10;10;10;0.57;21.25;78;88347
10576;2024-11-01T22:23:08;1;1;1;1;10;10;10;10;0.57;21.4;79;88346
10577;2024-11-01T22:24:10;1;1;1;1;9;9;9;9;0.56;21.24;77;88343
10578;2024-11-01T22:25:11;1;1;1;1;10;10;10;10;0.55;21.2;78;88339
10579;2024-11-01T22:26:12;1;1;1;1;9;9;9;9;0.55;21.04;79;88344
10580;2024-11-01T22:27:14;1;1;1;1;11;11;11;11;0.53;21.05;80;88349
10581;2024-11-01T22:28:15;1;1;1;1;9;9;9;9;0.52;20.99;78;88345
10582;2024-11-01T22:29:17;1;1;1;1;8;8;8;8;0.53;20.97;78;88345
10583;2024-11-01T22:30:18;1;1;1;1;8;8;8;8;0.54;21.18;78;88339
10584;2024-11-01T22:31:20;1;1;1;1;8;8;8;8;0.54;21.06;77;88337
10585;2024-11-01T22:32:21;1;1;1;1;9;9;9;9;0.54;21.15;78;88343
10586;2024-11-01T22:33:23;1;1;1;1;8;8;8;8;0.54;21.2;78;88339
10587;2024-11-01T22:34:24;1;1;1;1;8;8;8;8;0.53;21.29;78;88339
10588;2024-11-01T22:35:26;1;1;1;1;8;8;8;8;0.54;21.41;76;88331
10589;2024-11-01T22:36:27;1;1;1;1;8;8;8;8;0.55;21.28;77;88327
10590;2024-11-01T22:37:29;1;1;1;1;7;7;7;7;0.54;21.38;77;88325
10591;2024-11-01T22:38:30;1;1;1;1;8;8;8;8;0.54;21.41;76;88326
10592;2024-11-01T22:39:32;1;1;1;1;8;8;8;8;0.53;21.45;76;88327
10593;2024-11-01T22:40:33;1;1;1;1;6;6;6;6;0.52;21.18;75;88328
10594;2024-11-01T22:41:34;1;1;1;1;8;8;8;8;0.52;21.14;74;88337
10595;2024-11-01T22:42:36;1;1;1;1;7;7;7;7;0.5;21.08;75;88323
10596;2024-11-01T22:43:37;1;1;1;1;7;7;7;7;0.5;21.15;75;88327
10597;2024-11-01T22:44:39;1;1;1;1;8;8;8;8;0.5;21.07;77;88333
10598;2024-11-01T22:45:40;1;1;1;1;8;8;8;8;0.5;20.83;77;88325
10599;2024-11-01T22:46:42;1;1;1;1;9;9;9;9;0.5;21.03;75;88326
10600;2024-11-01T22:47:43;1;1;1;1;7;7;7;7;0.5;21.13;75;88324
10601;2024-11-01T22:48:45;1;1;1;1;7;7;7;7;0.5;21.05;76;88330
10602;2024-11-01T22:49:46;1;1;1;1;9;9;9;9;0.51;21.09;76;88327
10603;2024-11-01T22:50:48;1;1;1;1;9;10;10;10;0.5;21.08;77;88323
10604;2024-11-01T22:51:49;1;1;1;1;6;6;6;6;0.5;21.18;77;88329
10605;2024-11-01T22:52:51;1;1;1;1;8;8;8;8;0.49;21.24;76;88326
10606;2024-11-01T22:53:52;1;1;1;1;7;7;7;7;0.5;21.06;75;88320
10607;2024-11-01T22:54:54;1;1;1;1;8;8;8;8;0.51;20.98;75;88325
10608;2024-11-01T22:55:55;1;1;1;1;8;8;8;8;0.52;21.0;75;88327
10609;2024-11-01T22:56:56;1;1;1;1;7;7;7;7;0.51;21.06;74;88323
10610;2024-11-01T22:57:58;1;1;1;1;8;8;8;8;0.51;20.91;73;88326
10611;2024-11-01T22:58:59;1;1;1;1;7;7;7;7;0.51;20.92;74;88324
10612;2024-11-01T23:00:01;1;1;1;1;8;8;8;8;0.51;21.0;74;88328
10613;2024-11-01T23:01:02;1;1;1;1;7;7;7;7;0.52;21.07;75;88329
10614;2024-11-01T23:02:04;1;1;1;1;8;8;8;8;0.51;21.09;74;88332
10615;2024-11-01T23:03:05;1;1;1;1;7;7;7;7;0.51;21.09;75;88335
10616;2024-11-01T23:04:07;1;1;1;1;9;9;9;9;0.5;21.04;74;88339
10617;2024-11-01T23:05:08;1;1;1;1;7;7;7;7;0.51;21.0;76;88333
10618;2024-11-01T23:06:10;1;1;1;1;7;7;7;7;0.52;21.13;73;88334
10619;2024-11-01T23:07:11;1;1;1;1;7;7;7;7;0.52;21.16;74;88328
10620;2024-11-01T23:08:13;1;1;1;1;7;7;7;7;0.51;21.21;74;88331
10621;2024-11-01T23:09:14;1;1;1;1;7;7;7;7;0.51;21.28;74;88333
10622;2024-11-01T23:10:16;1;1;1;1;7;7;7;7;0.51;21.33;73;88331
10623;2024-11-01T23:11:17;1;1;1;1;5;5;5;5;0.52;21.42;74;88332
10624;2024-11-01T23:12:18;1;1;1;1;6;6;6;6;0.52;21.46;75;88338
10625;2024-11-01T23:13:20;1;1;1;1;6;6;6;6;0.52;21.47;76;88329
10626;2024-11-01T23:14:21;1;1;1;1;8;8;8;8;0.52;21.5;73;88337
10627;2024-11-01T23:15:23;1;1;1;1;11;11;11;11;0.52;21.57;75;88322
10628;2024-11-01T23:16:24;1;2;2;2;13;13;13;13;0.54;21.36;75;88330
10629;2024-11-01T23:17:26;1;1;1;1;10;10;10;10;0.54;21.2;75;88329
10630;2024-11-01T23:18:27;1;1;1;1;12;12;12;12;0.55;21.04;75;88328
10631;2024-11-01T23:19:29;1;1;1;1;11;11;11;11;0.54;21.24;76;88329
10632;2024-11-01T23:20:30;1;1;1;1;11;11;11;11;0.56;21.31;75;88333
10633;2024-11-01T23:21:32;3;3;3;3;24;24;24;24;0.53;21.33;76;88336
10634;2024-11-01T23:22:33;3;3;3;3;23;23;23;23;0.53;21.42;76;88328
10635;2024-11-01T23:23:35;3;4;4;4;29;29;29;29;0.53;21.44;76;88333
10636;2024-11-01T23:24:36;5;5;5;5;42;42;42;42;0.5;21.48;75;88331
10637;2024-11-01T23:25:38;5;5;5;5;42;42;42;42;0.5;21.51;76;88335
10638;2024-11-01T23:26:39;5;6;6;6;46;46;46;46;0.49;21.55;74;88328
10639;2024-11-01T23:27:41;4;4;4;4;33;33;33;33;0.49;21.58;75;88322
10640;2024-11-01T23:28:42;4;4;4;4;30;30;30;30;0.49;21.5;75;88317
10641;2024-11-01T23:29:44;3;3;3;3;26;26;26;26;0.49;21.48;76;88331
10642;2024-11-01T23:30:45;3;3;3;3;27;27;27;27;0.48;21.43;74;88324
10643;2024-11-01T23:31:46;3;4;4;4;29;29;29;29;0.47;21.5;74;88323
10644;2024-11-01T23:32:48;4;4;4;4;34;34;34;34;0.48;21.2;75;88326
10645;2024-11-01T23:33:49;3;3;3;3;27;27;27;27;0.48;21.4;74;88319
10646;2024-11-01T23:34:51;3;3;3;3;26;26;26;26;0.48;21.33;76;88326
10647;2024-11-01T23:35:52;2;2;2;2;18;18;18;18;0.48;20.98;74;88325
10648;2024-11-01T23:36:54;2;2;2;2;16;16;16;16;0.47;21.26;74;88318
10649;2024-11-01T23:37:55;2;2;2;2;19;19;19;19;0.47;21.37;75;88317
10650;2024-11-01T23:38:57;2;2;2;2;16;16;16;16;0.48;21.41;75;88324
10651;2024-11-01T23:39:58;2;2;2;2;16;16;16;16;0.49;21.32;75;88317
10652;2024-11-01T23:41:00;2;2;2;2;15;15;15;15;0.5;21.39;76;88318
10653;2024-11-01T23:42:01;1;1;1;1;13;13;13;13;0.5;21.08;75;88318
10654;2024-11-01T23:43:03;1;2;2;2;13;13;13;13;0.51;21.31;74;88320
10655;2024-11-01T23:44:04;2;2;2;2;14;14;14;14;0.51;21.38;75;88321
10656;2024-11-01T23:45:06;2;2;2;2;14;14;14;14;0.51;21.39;76;88318
10657;2024-11-01T23:46:07;2;2;2;2;14;14;14;14;0.52;21.47;75;88316
10658;2024-11-01T23:47:08;2;2;2;2;15;16;16;16;0.51;21.44;75;88317
10659;2024-11-01T23:48:10;2;2;2;2;16;16;16;16;0.52;21.17;76;88321
10660;2024-11-01T23:49:11;2;2;2;2;14;15;15;15;0.52;21.17;78;88319
10661;2024-11-01T23:50:13;2;2;2;2;13;13;13;13;0.53;20.85;78;88317
10662;2024-11-01T23:51:14;1;1;1;1;12;12;12;12;0.53;20.87;78;88323
10663;2024-11-01T23:52:16;2;2;2;2;14;14;14;14;0.53;20.8;79;88327
10664;2024-11-01T23:53:17;1;1;1;1;13;13;13;13;0.51;20.78;79;88320
10665;2024-11-01T23:54:19;1;1;1;1;11;11;11;11;0.51;20.95;79;88329
10666;2024-11-01T23:55:20;2;2;2;2;13;13;13;13;0.52;21.1;77;88310
10667;2024-11-01T23:56:22;1;1;1;1;11;11;11;11;0.52;21.18;77;88315
10668;2024-11-01T23:57:23;2;2;2;2;14;14;14;14;0.52;21.21;76;88314
10669;2024-11-01T23:58:25;1;1;1;1;12;12;12;12;0.54;21.33;76;88315
10670;2024-11-01T23:59:26;2;2;2;2;14;14;14;14;0.54;21.14;77;88314
10671;2024-11-02T00:00:28;2;2;2;2;14;14;14;14;0.55;21.28;76;88311
10672;2024-11-02T00:01:29;2;2;2;2;13;14;14;14;0.54;21.35;77;88304
10673;2024-11-02T00:02:31;2;2;2;2;13;13;13;13;0.55;21.26;77;88315
10674;2024-11-02T00:03:32;1;1;1;1;12;12;12;12;0.55;21.03;78;88315
10675;2024-11-02T00:04:33;1;1;1;1;11;11;11;11;0.55;20.9;79;88319
10676;2024-11-02T00:05:35;1;1;1;1;12;12;12;12;0.56;20.9;78;88313
10677;2024-11-02T00:06:36;1;1;1;1;12;12;12;12;0.56;20.79;80;88317
10678;2024-11-02T00:07:38;1;1;1;1;11;11;11;11;0.55;20.76;80;88310
10679;2024-11-02T00:08:39;1;1;1;1;11;11;11;11;0.55;20.97;78;88307
10680;2024-11-02T00:09:41;1;1;1;1;12;12;12;12;0.54;21.08;78;88318
10681;2024-11-02T00:10:42;2;2;2;2;15;15;15;15;0.54;21.19;79;88316
10682;2024-11-02T00:11:44;2;2;2;2;15;15;15;15;0.54;21.24;77;88315
10683;2024-11-02T00:12:45;2;2;2;2;19;19;19;19;0.51;21.32;77;88311
10684;2024-11-02T00:13:47;2;2;2;2;20;20;20;20;0.52;21.39;77;88313
10685;2024-11-02T00:14:48;4;4;4;4;36;36;36;36;0.5;21.23;78;88311
10686;2024-11-02T00:15:50;5;5;5;5;42;43;43;43;0.47;21.14;78;88317
10687;2024-11-02T00:16:51;4;4;4;4;34;34;34;34;0.48;21.06;79;88312
10688;2024-11-02T00:17:53;3;3;3;3;26;26;26;26;0.48;20.76;81;88320
10689;2024-11-02T00:18:54;2;3;3;3;21;21;21;21;0.49;20.64;81;88317
10690;2024-11-02T00:19:55;2;2;2;2;14;14;14;14;0.49;20.48;79;88311
10691;2024-11-02T00:20:57;2;2;2;2;13;13;13;13;0.5;20.5;80;88308
10692;2024-11-02T00:21:58;2;2;2;2;14;14;14;14;0.51;20.58;80;88314
10693;2024-11-02T00:23:00;1;1;1;1;11;11;11;11;0.51;20.54;80;88312
10694;2024-11-02T00:24:01;1;1;1;1;11;11;11;11;0.5;20.57;80;88316
10695;2024-11-02T00:25:03;2;2;2;2;13;13;13;13;0.51;20.61;80;88311
10696;2024-11-02T00:26:04;1;1;1;1;10;10;10;10;0.52;20.77;79;88311
10697;2024-11-02T00:27:06;1;1;1;1;9;9;9;9;0.53;20.94;77;88303
10698;2024-11-02T00:28:07;1;1;1;1;12;12;12;12;0.53;20.99;79;88310
10699;2024-11-02T00:29:09;1;1;1;1;11;11;11;11;0.54;20.99;78;88310
10700;2024-11-02T00:30:10;2;2;2;2;13;13;13;13;0.54;20.99;77;88305
10701;2024-11-02T00:31:12;1;1;1;1;12;12;12;12;0.53;20.98;78;88305
10702;2024-11-02T00:32:13;1;1;1;1;11;11;11;11;0.53;21.04;77;88296
10703;2024-11-02T00:33:15;1;1;1;1;12;12;12;12;0.52;21.11;79;88301
10704;2024-11-02T00:34:16;1;1;1;1;11;11;11;11;0.52;21.13;77;88297
10705;2024-11-02T00:35:18;2;2;2;2;13;13;13;13;0.52;21.23;76;88295
10706;2024-11-02T00:36:19;1;1;1;1;11;11;11;11;0.51;21.34;77;88289
10707;2024-11-02T00:37:20;1;1;1;1;11;11;11;11;0.51;21.36;77;88297
