counter;datetime;PM1;PM2_5;PM4;PM10;NumPM1;NumPM2_5;NumPM4;NumPM10;PartSize;tempC;humidity;pressure;meta
27072;2025-01-01T00:00:03;16;17;17;17;125;125;125;125;0.45;20.77;47;87338;
27073;2025-01-01T00:01:05;16;17;17;17;126;126;126;126;0.47;20.79;47;87339;
27074;2025-01-01T00:02:07;16;17;17;17;126;127;127;127;0.48;20.8;46;87337;
27075;2025-01-01T00:03:09;15;16;16;16;120;121;121;121;0.5;20.78;47;87332;
27076;2025-01-01T00:04:11;16;17;17;17;126;126;127;127;0.49;20.72;47;87335;
27077;2025-01-01T00:05:14;17;18;18;18;133;133;133;133;0.47;20.7;47;87334;
27078;2025-01-01T00:06:16;16;17;18;18;130;131;131;131;0.5;20.68;46;87337;
27079;2025-01-01T00:07:18;15;16;16;16;122;123;123;123;0.47;20.65;46;87334;
27080;2025-01-01T00:08:20;14;15;15;15;113;114;114;114;0.46;20.59;46;87337;
27081;2025-01-01T00:09:23;15;16;16;16;123;123;123;123;0.47;20.56;46;87333;
27082;2025-01-01T00:10:25;14;15;15;15;110;111;111;111;0.46;20.56;46;87339;
27083;2025-01-01T00:11:27;14;15;15;15;113;113;113;113;0.44;20.5;46;87335;
27084;2025-01-01T00:12:29;14;15;15;15;114;114;114;114;0.43;20.54;45;87330;
27085;2025-01-01T00:13:31;14;15;15;15;110;110;110;110;0.45;20.57;45;87335;
27086;2025-01-01T00:14:34;14;15;15;15;111;111;111;111;0.45;20.61;45;87334;
27087;2025-01-01T00:15:36;14;15;15;15;115;115;115;115;0.45;20.56;44;87330;
27088;2025-01-01T00:16:38;14;15;15;15;111;111;111;111;0.48;20.56;45;87330;
27089;2025-01-01T00:17:40;13;14;14;14;107;107;107;108;0.47;20.52;45;87333;
27090;2025-01-01T00:18:43;14;15;15;15;110;111;111;111;0.45;20.51;45;87326;
27091;2025-01-01T00:19:45;13;14;14;14;103;103;103;103;0.45;20.49;45;87335;
27092;2025-01-01T00:20:47;13;13;13;13;100;100;100;100;0.48;20.42;45;87331;
27093;2025-01-01T00:21:49;14;15;15;15;113;114;114;114;0.48;20.38;44;87328;
27094;2025-01-01T00:22:51;14;15;15;15;110;110;110;110;0.45;20.31;44;87321;
27095;2025-01-01T00:23:54;15;16;16;16;117;118;118;118;0.46;20.32;42;87323;
27096;2025-01-01T00:24:56;15;16;16;16;121;121;121;121;0.47;20.35;42;87324;
27097;2025-01-01T00:25:58;16;17;17;17;126;126;126;126;0.45;20.31;43;87322;
27098;2025-01-01T00:27:00;17;18;18;18;137;137;137;137;0.46;20.39;40;87321;
27099;2025-01-01T00:28:02;19;20;20;20;148;149;149;149;0.45;20.49;41;87318;
27100;2025-01-01T00:29:05;18;19;19;19;146;147;147;147;0.44;20.55;40;87320;
27101;2025-01-01T00:30:07;18;19;19;19;145;146;146;146;0.45;20.6;40;87311;
27102;2025-01-01T00:31:09;18;19;19;19;145;145;145;145;0.46;20.73;39;87316;
27103;2025-01-01T00:32:11;18;19;20;20;146;146;146;147;0.46;20.76;39;87313;
27104;2025-01-01T00:33:14;20;21;21;21;159;159;159;160;0.47;20.84;38;87312;
27105;2025-01-01T00:34:16;20;22;22;22;162;163;163;163;0.46;20.91;38;87310;
27106;2025-01-01T00:35:18;19;20;21;21;152;153;153;153;0.46;21.04;38;87325;
27107;2025-01-01T00:36:20;19;20;20;20;153;153;153;153;0.45;21.13;37;87314;
27108;2025-01-01T00:37:22;20;22;22;22;162;163;163;163;0.47;21.17;37;87317;
27109;2025-01-01T00:38:25;19;21;21;21;154;155;155;155;0.45;21.18;37;87318;
27110;2025-01-01T00:39:27;19;20;20;20;149;149;150;150;0.46;21.23;37;87308;
27111;2025-01-01T00:40:29;20;21;21;21;158;159;159;159;0.46;21.27;37;87314;
27112;2025-01-01T00:41:31;20;21;21;21;159;160;160;160;0.46;21.32;36;87312;
27113;2025-01-01T00:42:34;19;21;21;21;155;156;156;156;0.47;21.45;36;87313;
27114;2025-01-01T00:43:36;19;20;20;20;153;153;153;153;0.44;21.52;36;87310;
27115;2025-01-01T00:44:38;18;19;19;19;145;145;145;145;0.46;21.59;36;87315;
27116;2025-01-01T00:45:40;18;19;19;19;144;145;145;145;0.47;21.66;36;87313;
27117;2025-01-01T00:46:42;18;20;20;20;147;147;147;147;0.46;21.69;36;87322;
27118;2025-01-01T00:47:45;19;20;20;20;150;151;151;151;0.45;21.71;35;87319;
27119;2025-01-01T00:48:47;19;20;20;20;149;150;150;150;0.45;21.74;36;87318;
27120;2025-01-01T00:49:49;20;21;21;21;156;156;156;156;0.45;21.78;35;87307;
27121;2025-01-01T00:50:51;19;20;20;20;152;153;153;153;0.46;21.79;36;87311;
27122;2025-01-01T00:51:54;19;20;20;20;151;152;152;152;0.45;21.89;35;87310;
27123;2025-01-01T00:52:56;19;20;20;20;153;153;153;153;0.46;21.96;35;87308;
27124;2025-01-01T00:53:58;19;21;21;21;154;155;155;155;0.44;22.01;35;87307;
27125;2025-01-01T00:55:00;18;19;19;19;142;142;142;142;0.46;22.04;35;87302;
27126;2025-01-01T00:56:02;19;20;20;20;148;149;149;149;0.45;22.02;36;87311;
27127;2025-01-01T00:57:05;19;20;20;20;148;148;148;148;0.45;21.99;35;87307;
27128;2025-01-01T00:58:07;20;21;21;21;155;156;156;156;0.46;21.92;36;87314;
27129;2025-01-01T00:59:09;18;19;19;19;145;145;145;145;0.46;21.91;36;87301;
27130;2025-01-01T01:00:11;19;20;20;20;153;154;154;154;0.46;21.81;36;87302;
27131;2025-01-01T01:01:14;20;21;21;21;155;156;156;156;0.45;21.79;36;87303;
27132;2025-01-01T01:02:16;19;20;20;20;148;148;148;148;0.46;21.78;36;87307;
27133;2025-01-01T01:03:18;19;21;21;21;155;156;156;156;0.46;21.75;36;87305;
27134;2025-01-01T01:04:20;19;20;20;20;151;151;151;151;0.45;21.73;36;87303;
27135;2025-01-01T01:05:22;19;20;20;20;149;149;149;149;0.44;21.71;36;87308;
27136;2025-01-01T01:06:25;19;20;20;20;149;150;150;150;0.47;21.67;37;87303;
27137;2025-01-01T01:07:27;18;19;19;19;142;143;143;143;0.46;21.65;37;87301;
27138;2025-01-01T01:08:29;18;19;19;19;146;147;147;147;0.45;21.6;37;87302;
27139;2025-01-01T01:09:31;17;18;18;18;138;139;139;139;0.45;21.47;37;87293;
27140;2025-01-01T01:10:34;17;18;18;18;136;137;137;137;0.44;21.42;37;87300;
27141;2025-01-01T01:11:36;17;18;18;18;135;135;135;135;0.45;21.42;37;87298;
27142;2025-01-01T01:12:38;16;17;18;18;130;131;131;131;0.46;21.41;37;87296;
27143;2025-01-01T01:13:40;17;18;18;18;132;132;132;132;0.46;21.38;38;87295;
27144;2025-01-01T01:14:42;17;17;18;18;131;132;132;132;0.45;21.38;38;87300;
27145;2025-01-01T01:15:45;17;18;18;18;132;132;132;133;0.45;21.34;38;87298;
27146;2025-01-01T01:16:47;17;18;18;18;133;133;133;133;0.45;21.29;38;87297;
27147;2025-01-01T01:17:49;16;17;17;17;126;127;127;127;0.44;21.24;38;87293;
27148;2025-01-01T01:18:51;15;16;16;16;122;123;123;123;0.48;21.23;38;87290;
27149;2025-01-01T01:19:54;15;16;16;16;120;121;121;121;0.47;21.26;37;87290;
27150;2025-01-01T01:20:56;16;16;17;17;124;124;124;124;0.46;21.18;38;87293;
27151;2025-01-01T01:21:58;15;15;15;15;116;116;116;116;0.47;21.27;38;87292;
27152;2025-01-01T01:23:00;14;15;15;15;110;110;110;110;0.46;21.31;38;87289;
27153;2025-01-01T01:24:02;14;15;15;15;109;109;110;110;0.45;21.33;39;87286;
27154;2025-01-01T01:25:05;16;17;17;17;125;126;126;126;0.49;21.24;38;87285;
27155;2025-01-01T01:26:07;16;17;17;17;125;126;126;126;0.48;21.25;38;87278;
27156;2025-01-01T01:27:09;15;15;15;15;116;116;116;116;0.46;21.17;39;87281;
27157;2025-01-01T01:28:11;15;16;16;16;119;120;120;120;0.43;21.12;39;87280;
27158;2025-01-01T01:29:13;15;16;16;16;120;120;120;120;0.44;21.05;39;87283;
27159;2025-01-01T01:30:16;15;16;16;16;119;120;120;120;0.47;20.97;39;87277;
27160;2025-01-01T01:31:18;14;15;15;15;115;116;116;116;0.46;20.9;40;87276;
27161;2025-01-01T01:32:20;14;15;15;15;110;111;111;111;0.46;20.83;40;87275;
27162;2025-01-01T01:33:22;14;15;15;15;113;114;114;114;0.47;20.79;40;87278;
27163;2025-01-01T01:34:25;13;14;14;14;106;107;107;107;0.47;20.78;40;87274;
27164;2025-01-01T01:35:27;14;15;15;15;111;111;111;111;0.46;20.74;40;87271;
27165;2025-01-01T01:36:29;14;14;14;14;107;108;108;108;0.44;20.66;40;87264;
27166;2025-01-01T01:37:31;14;14;14;14;108;109;109;109;0.44;20.58;41;87267;
27167;2025-01-01T01:38:33;14;15;15;15;111;111;111;111;0.44;20.57;41;87263;
27168;2025-01-01T01:39:36;14;14;14;14;109;109;109;109;0.45;20.56;42;87262;
27169;2025-01-01T01:40:38;14;14;14;14;108;109;109;109;0.47;20.55;43;87258;
27170;2025-01-01T01:41:40;14;15;15;15;111;111;111;111;0.46;20.56;42;87269;
27171;2025-01-01T01:42:42;13;13;13;13;101;102;102;102;0.47;20.52;42;87262;
27172;2025-01-01T01:43:45;13;13;13;13;101;101;101;101;0.46;20.44;43;87259;
27173;2025-01-01T01:44:47;14;15;15;15;110;110;110;110;0.46;20.45;43;87266;
27174;2025-01-01T01:45:49;13;14;14;14;106;106;106;106;0.48;20.46;43;87254;
27175;2025-01-01T01:46:51;12;13;13;13;99;99;99;99;0.47;20.54;42;87259;
27176;2025-01-01T01:47:53;12;13;13;13;94;94;94;94;0.49;20.7;42;87257;
27177;2025-01-01T01:48:56;12;12;12;12;92;92;92;92;0.47;21.03;42;87258;
27178;2025-01-01T01:49:58;10;11;11;11;80;80;80;80;0.47;21.26;41;87260;
27179;2025-01-01T01:51:00;11;12;12;12;87;87;87;87;0.47;21.27;40;87256;
27180;2025-01-01T01:52:02;11;12;12;12;91;91;91;91;0.45;21.29;41;87250;
27181;2025-01-01T01:53:05;11;12;12;12;91;92;92;92;0.45;21.28;41;87252;
27182;2025-01-01T01:54:07;12;13;13;13;95;95;95;95;0.45;21.28;41;87252;
27183;2025-01-01T01:55:09;11;11;11;11;86;86;86;86;0.46;21.27;41;87250;
27184;2025-01-01T01:56:11;11;12;12;12;89;90;90;90;0.46;21.27;41;87253;
27185;2025-01-01T01:57:13;12;13;13;13;94;95;95;95;0.46;21.31;41;87250;
27186;2025-01-01T01:58:16;13;14;14;14;103;104;104;104;0.49;21.35;41;87250;
27187;2025-01-01T01:59:18;13;14;14;14;102;102;102;102;0.48;21.35;41;87256;
27188;2025-01-01T02:00:20;12;13;13;13;97;98;98;98;0.48;21.31;42;87256;
27189;2025-01-01T02:01:22;12;12;12;12;93;93;93;93;0.48;21.29;42;87247;
27190;2025-01-01T02:02:25;12;13;13;13;95;96;96;96;0.46;21.27;42;87248;
27191;2025-01-01T02:03:27;12;13;13;13;96;97;97;97;0.46;21.22;42;87250;
27192;2025-01-01T02:04:29;11;12;12;12;88;88;88;88;0.47;21.17;42;87251;
27193;2025-01-01T02:05:31;12;13;13;13;98;98;98;98;0.47;21.12;41;87241;
27194;2025-01-01T02:06:33;13;13;13;14;101;101;101;101;0.47;21.12;42;87252;
27195;2025-01-01T02:07:36;13;13;14;14;101;101;101;102;0.46;21.11;42;87251;
27196;2025-01-01T02:08:38;12;13;13;13;96;96;96;96;0.46;21.13;42;87242;
27197;2025-01-01T02:09:40;13;13;14;14;101;102;102;102;0.47;21.1;42;87242;
27198;2025-01-01T02:10:42;12;13;13;13;96;97;97;97;0.46;21.08;42;87247;
27199;2025-01-01T02:11:44;18;19;19;19;146;146;146;146;0.45;21.03;42;87236;
27200;2025-01-01T02:12:47;14;15;15;15;115;115;115;115;0.49;20.94;43;87245;
27201;2025-01-01T02:13:49;41;44;44;44;325;326;327;327;0.48;20.87;43;87236;
27202;2025-01-01T02:14:51;27;29;29;29;214;215;215;215;0.5;20.6;43;87240;
27203;2025-01-01T02:15:53;14;15;15;15;112;112;112;112;0.48;20.63;43;87238;
27204;2025-01-01T02:16:56;15;16;16;16;118;118;118;118;0.49;20.58;43;87236;
27205;2025-01-01T02:17:58;18;19;19;19;140;140;140;141;0.5;20.54;43;87237;
27206;2025-01-01T02:19:00;17;18;18;18;133;133;133;133;0.48;20.62;43;87242;
27207;2025-01-01T02:20:02;26;28;28;28;209;210;210;210;0.5;20.79;43;87231;
27208;2025-01-01T02:21:04;40;43;44;45;313;316;316;316;0.55;20.86;43;87235;
27209;2025-01-01T02:22:07;33;36;37;37;261;262;263;263;0.55;20.9;42;87228;
27210;2025-01-01T02:23:09;36;39;40;41;282;284;284;284;0.55;20.94;43;87226;
27211;2025-01-01T02:24:11;34;38;39;40;269;272;272;272;0.57;20.95;43;87230;
27212;2025-01-01T02:25:13;27;29;30;30;212;214;214;214;0.54;20.95;43;87230;
27213;2025-01-01T02:26:16;24;26;27;27;194;195;196;196;0.52;20.89;43;87228;
27214;2025-01-01T02:27:18;22;24;24;25;175;176;176;176;0.53;20.84;43;87227;
27215;2025-01-01T02:28:20;21;23;23;23;169;170;170;170;0.52;20.83;43;87231;
27216;2025-01-01T02:29:22;21;23;23;23;167;168;168;168;0.53;20.83;43;87225;
27217;2025-01-01T02:30:24;18;19;19;19;142;143;143;143;0.49;20.78;43;87224;
27218;2025-01-01T02:31:27;17;18;18;18;137;138;138;138;0.48;20.77;43;87225;
27219;2025-01-01T02:32:29;17;18;19;19;138;139;139;139;0.5;20.75;43;87225;
27220;2025-01-01T02:33:31;16;17;17;17;128;128;128;128;0.48;20.73;43;87225;
27221;2025-01-01T02:34:33;16;17;17;17;124;124;124;124;0.5;20.66;43;87220;
27222;2025-01-01T02:35:36;14;15;15;15;113;113;113;113;0.49;20.6;44;87217;
27223;2025-01-01T02:36:38;14;15;15;15;114;114;114;114;0.5;20.54;44;87215;
27224;2025-01-01T02:37:40;15;16;16;16;117;117;117;117;0.47;20.54;44;87215;
27225;2025-01-01T02:38:42;13;14;14;14;105;106;106;106;0.46;20.47;44;87208;
27226;2025-01-01T02:39:44;13;14;14;14;104;104;104;104;0.47;20.39;44;87214;
27227;2025-01-01T02:40:47;13;13;13;13;101;101;101;101;0.46;20.33;45;87203;
27228;2025-01-01T02:41:49;13;14;14;14;105;106;106;106;0.47;20.33;44;87209;
27229;2025-01-01T02:42:51;12;13;13;13;99;100;100;100;0.48;20.31;45;87206;
27230;2025-01-01T02:43:53;13;13;13;13;100;101;101;101;0.47;20.29;44;87204;
27231;2025-01-01T02:44:55;12;13;13;13;95;95;95;95;0.46;20.3;44;87215;
27232;2025-01-01T02:45:58;12;12;12;12;93;94;94;94;0.47;20.29;44;87209;
27233;2025-01-01T02:47:00;12;13;13;13;94;95;95;95;0.47;20.28;44;87207;
27234;2025-01-01T02:48:02;12;13;13;13;97;97;97;97;0.47;20.25;45;87210;
27235;2025-01-01T02:49:04;12;13;13;13;97;97;97;97;0.47;20.12;46;87203;
27236;2025-01-01T02:50:07;12;13;13;13;94;94;94;94;0.47;20.0;45;87209;
27237;2025-01-01T02:51:09;12;13;13;13;98;99;99;99;0.48;19.97;46;87211;
27238;2025-01-01T02:52:11;12;13;13;13;95;96;96;96;0.48;19.94;46;87207;
27239;2025-01-01T02:53:13;12;12;12;13;93;94;94;94;0.47;19.88;46;87209;
27240;2025-01-01T02:54:15;12;13;13;13;94;95;95;95;0.49;19.8;46;87205;
27241;2025-01-01T02:55:18;13;14;14;14;103;104;104;104;0.48;19.69;46;87202;
27242;2025-01-01T02:56:20;13;13;13;13;100;100;100;100;0.48;19.63;46;87207;
27243;2025-01-01T02:57:22;12;13;13;13;95;95;95;95;0.46;19.64;46;87206;
27244;2025-01-01T02:58:24;13;14;14;14;102;103;103;103;0.48;19.58;46;87204;
27245;2025-01-01T02:59:27;12;13;13;13;96;96;96;96;0.48;19.56;47;87203;
27246;2025-01-01T03:00:29;12;13;13;13;95;95;95;95;0.46;19.54;47;87203;
27247;2025-01-01T03:01:31;11;12;12;12;89;89;89;89;0.47;19.54;47;87198;
27248;2025-01-01T03:02:33;12;13;13;13;98;98;98;98;0.46;19.47;47;87206;
27249;2025-01-01T03:03:35;11;12;12;12;88;88;88;88;0.46;19.47;47;87203;
27250;2025-01-01T03:04:38;11;12;12;12;89;89;89;89;0.44;19.4;47;87202;
27251;2025-01-01T03:05:40;12;12;12;12;93;93;93;93;0.44;19.36;48;87205;
27252;2025-01-01T03:06:42;12;13;13;13;95;95;95;95;0.45;19.32;47;87200;
27253;2025-01-01T03:07:44;12;12;12;12;92;93;93;93;0.48;19.33;46;87198;
27254;2025-01-01T03:08:47;12;13;13;13;95;95;95;95;0.48;19.32;46;87207;
27255;2025-01-01T03:09:49;11;12;12;12;90;91;91;91;0.49;19.28;47;87197;
27256;2025-01-01T03:10:51;11;12;12;12;88;88;88;88;0.49;19.32;47;87204;
27257;2025-01-01T03:11:53;12;13;13;13;96;96;96;96;0.49;19.36;46;87200;
27258;2025-01-01T03:12:55;13;13;14;14;101;101;101;101;0.49;19.36;46;87197;
27259;2025-01-01T03:13:58;14;14;15;15;108;108;108;108;0.49;19.36;46;87197;
27260;2025-01-01T03:15:00;13;14;14;14;102;102;102;102;0.51;19.41;46;87197;
27261;2025-01-01T03:16:02;16;17;17;17;125;126;126;126;0.5;19.46;46;87193;
27262;2025-01-01T03:17:04;14;15;15;15;107;108;108;108;0.48;19.46;46;87194;
27263;2025-01-01T03:18:06;13;14;14;14;106;106;106;106;0.49;19.47;46;87195;
27264;2025-01-01T03:19:09;14;15;15;15;109;109;109;109;0.5;19.46;46;87199;
27265;2025-01-01T03:20:11;13;14;14;14;103;104;104;104;0.51;19.46;46;87199;
27266;2025-01-01T03:21:13;12;13;13;14;99;100;100;100;0.49;19.45;45;87198;
27267;2025-01-01T03:22:15;41;43;44;44;323;325;325;325;0.49;19.5;46;87192;
27268;2025-01-01T03:23:18;27;28;29;29;212;213;213;213;0.5;19.63;46;87199;
27269;2025-01-01T03:24:20;29;31;31;32;232;233;233;233;0.5;19.66;46;87192;
27270;2025-01-01T03:25:22;24;25;25;25;187;188;188;188;0.51;19.71;46;87199;
27271;2025-01-01T03:26:24;21;23;23;23;171;171;171;171;0.48;19.72;46;87195;
27272;2025-01-01T03:27:26;19;20;20;20;148;149;149;149;0.49;19.72;46;87192;
27273;2025-01-01T03:28:29;20;21;21;21;159;159;159;159;0.48;19.66;46;87192;
27274;2025-01-01T03:29:31;18;20;20;20;146;146;146;147;0.49;19.62;46;87193;
27275;2025-01-01T03:30:33;14;15;15;15;115;116;116;116;0.48;19.55;47;87188;
27276;2025-01-01T03:31:35;12;13;13;13;95;95;95;95;0.47;19.5;47;87193;
27277;2025-01-01T03:32:38;11;12;12;12;89;89;89;89;0.51;19.42;47;87190;
27278;2025-01-01T03:33:40;11;11;12;12;86;86;86;86;0.47;19.34;47;87188;
27279;2025-01-01T03:34:42;11;11;11;11;86;86;86;86;0.46;19.3;48;87188;
27280;2025-01-01T03:35:44;10;11;11;11;79;79;79;79;0.46;19.27;47;87190;
27281;2025-01-01T03:36:46;10;11;11;11;82;82;82;82;0.46;19.28;48;87187;
27282;2025-01-01T03:37:49;10;11;11;11;82;82;82;82;0.45;19.26;48;87195;
27283;2025-01-01T03:38:51;10;11;11;11;81;81;81;81;0.48;19.21;48;87188;
27284;2025-01-01T03:39:53;10;11;11;11;81;82;82;82;0.49;19.21;48;87194;
27285;2025-01-01T03:40:55;10;11;11;11;82;82;82;82;0.49;19.22;48;87194;
27286;2025-01-01T03:41:57;10;11;11;11;81;81;81;81;0.48;19.2;48;87197;
27287;2025-01-01T03:43:00;10;11;11;11;80;80;80;80;0.47;19.15;48;87201;
27288;2025-01-01T03:44:02;10;11;11;11;81;81;82;82;0.48;19.13;48;87201;
27289;2025-01-01T03:45:04;10;11;11;11;83;84;84;84;0.49;19.0;48;87202;
27290;2025-01-01T03:46:06;11;11;11;11;85;85;85;85;0.47;18.94;48;87199;
27291;2025-01-01T03:47:09;11;11;11;11;85;86;86;86;0.46;18.91;48;87203;
27292;2025-01-01T03:48:11;10;11;11;11;79;80;80;80;0.48;18.88;48;87199;
27293;2025-01-01T03:49:13;10;11;11;11;82;82;82;82;0.45;18.85;48;87206;
27294;2025-01-01T03:50:15;11;12;12;12;88;89;89;89;0.48;18.84;48;87203;
27295;2025-01-01T03:51:17;14;14;14;14;107;108;108;108;0.47;18.84;48;87205;
27296;2025-01-01T03:52:20;18;19;19;19;143;144;144;144;0.44;18.84;48;87211;
27297;2025-01-01T03:53:22;15;16;16;16;117;117;117;117;0.43;18.82;48;87207;
27298;2025-01-01T03:54:24;14;15;15;15;110;111;111;111;0.45;18.84;48;87205;
27299;2025-01-01T03:55:26;15;16;16;16;120;120;120;120;0.46;18.84;48;87210;
27300;2025-01-01T03:56:29;14;15;15;15;112;112;112;112;0.49;18.83;48;87220;
27301;2025-01-01T03:57:31;13;14;14;14;105;106;106;106;0.5;18.76;48;87216;
27302;2025-01-01T03:58:33;13;14;14;14;106;106;106;106;0.51;18.75;48;87215;
27303;2025-01-01T03:59:35;15;16;16;16;116;117;117;117;0.5;18.74;49;87221;
27304;2025-01-01T04:00:37;14;15;15;15;111;112;112;112;0.51;18.71;48;87225;
27305;2025-01-01T04:01:40;14;15;15;15;108;109;109;109;0.52;18.72;48;87221;
27306;2025-01-01T04:02:42;13;14;14;14;104;105;105;105;0.53;18.75;48;87228;
27307;2025-01-01T04:03:44;13;14;14;14;102;102;102;102;0.49;18.71;49;87226;
27308;2025-01-01T04:04:46;11;12;12;12;87;87;87;87;0.47;18.71;48;87225;
27309;2025-01-01T04:05:49;12;12;12;12;92;92;92;92;0.46;18.73;48;87228;
27310;2025-01-01T04:06:51;12;12;12;12;92;92;92;92;0.49;18.67;48;87235;
27311;2025-01-01T04:07:53;11;12;12;12;90;90;90;90;0.48;18.63;47;87227;
27312;2025-01-01T04:08:55;10;11;11;11;83;83;83;83;0.47;18.65;47;87230;
27313;2025-01-01T04:09:57;11;12;12;12;87;88;88;88;0.47;18.69;47;87234;
27314;2025-01-01T04:11:00;10;11;11;11;82;82;82;82;0.46;18.73;48;87234;
27315;2025-01-01T04:12:02;11;12;12;12;90;90;90;90;0.47;18.73;47;87234;
27316;2025-01-01T04:13:04;11;12;12;12;89;89;89;89;0.48;18.75;46;87236;
27317;2025-01-01T04:14:06;11;12;12;12;91;92;92;92;0.46;18.71;47;87236;
27318;2025-01-01T04:15:08;12;12;12;12;92;92;93;93;0.49;18.7;48;87236;
27319;2025-01-01T04:16:11;12;13;13;13;94;95;95;95;0.51;18.71;48;87245;
27320;2025-01-01T04:17:13;13;13;13;13;100;100;100;100;0.49;18.68;47;87238;
27321;2025-01-01T04:18:15;12;13;13;13;97;98;98;98;0.46;18.68;47;87241;
27322;2025-01-01T04:19:17;12;13;13;13;95;95;96;96;0.51;18.68;47;87249;
27323;2025-01-01T04:20:19;12;13;13;13;98;99;99;99;0.49;18.63;47;87245;
27324;2025-01-01T04:21:22;13;13;13;13;100;101;101;101;0.46;18.57;48;87252;
27325;2025-01-01T04:22:24;12;13;13;13;99;99;99;99;0.47;18.56;48;87250;
27326;2025-01-01T04:23:26;12;12;12;12;93;93;93;93;0.49;18.55;47;87248;
27327;2025-01-01T04:24:28;12;13;13;13;97;98;98;98;0.48;18.53;48;87246;
27328;2025-01-01T04:25:31;12;12;12;12;92;92;92;92;0.46;18.48;47;87250;
27329;2025-01-01T04:26:33;11;12;12;12;91;91;91;91;0.48;18.37;48;87255;
27330;2025-01-01T04:27:35;11;12;12;12;89;90;90;90;0.48;18.37;48;87247;
27331;2025-01-01T04:28:37;12;13;13;13;97;97;97;97;0.49;18.28;47;87257;
27332;2025-01-01T04:29:39;13;14;14;14;103;103;103;103;0.48;18.31;48;87260;
27333;2025-01-01T04:30:42;17;18;18;19;136;136;136;137;0.52;18.31;47;87256;
27334;2025-01-01T04:31:44;18;19;19;19;142;142;142;142;0.48;18.38;47;87248;
27335;2025-01-01T04:32:46;20;22;22;22;161;162;162;162;0.48;18.37;47;87264;
27336;2025-01-01T04:33:48;21;22;22;23;166;167;167;167;0.51;18.38;48;87256;
27337;2025-01-01T04:34:51;21;23;23;23;167;168;168;168;0.52;18.38;48;87254;
27338;2025-01-01T04:35:53;18;19;19;19;142;143;143;143;0.5;18.43;48;87255;
27339;2025-01-01T04:36:55;17;18;18;18;133;134;134;134;0.5;18.48;47;87257;
27340;2025-01-01T04:37:57;16;17;17;17;126;126;126;126;0.52;18.55;47;87257;
27341;2025-01-01T04:38:59;16;18;18;18;130;131;131;131;0.5;18.6;48;87261;
27342;2025-01-01T04:40:02;14;15;15;15;114;114;115;115;0.5;18.64;47;87264;
27343;2025-01-01T04:41:04;13;14;14;14;104;105;105;105;0.48;18.74;47;87268;
27344;2025-01-01T04:42:06;13;14;14;14;102;102;102;102;0.47;18.83;47;87264;
27345;2025-01-01T04:43:08;13;14;14;14;103;103;103;103;0.47;18.81;47;87261;
27346;2025-01-01T04:44:10;15;16;16;16;118;118;119;119;0.48;18.8;47;87265;
27347;2025-01-01T04:45:13;15;16;16;16;122;122;122;122;0.48;18.83;47;87270;
27348;2025-01-01T04:46:15;16;17;17;17;125;125;125;125;0.48;18.78;47;87271;
27349;2025-01-01T04:47:17;19;20;20;20;153;153;153;153;0.45;18.72;47;87273;
27350;2025-01-01T04:48:19;18;20;20;20;147;147;147;147;0.49;18.68;48;87272;
27351;2025-01-01T04:49:22;18;19;19;20;145;145;145;145;0.48;18.64;48;87275;
27352;2025-01-01T04:50:24;19;20;20;20;149;150;150;150;0.48;18.56;48;87283;
27353;2025-01-01T04:51:26;18;19;19;19;144;144;144;144;0.49;18.52;48;87280;
27354;2025-01-01T04:52:28;17;18;18;18;135;136;136;136;0.47;18.47;48;87285;
27355;2025-01-01T04:53:30;16;17;17;17;129;129;129;129;0.48;18.38;49;87281;
27356;2025-01-01T04:54:33;17;18;18;18;133;133;133;133;0.47;18.38;49;87284;
27357;2025-01-01T04:55:35;16;17;17;17;129;130;130;130;0.49;18.37;49;87288;
27358;2025-01-01T04:56:37;16;17;17;17;127;127;127;127;0.48;18.34;49;87282;
27359;2025-01-01T04:57:39;14;15;15;15;115;115;115;116;0.47;18.35;49;87288;
27360;2025-01-01T04:58:42;16;17;17;17;131;132;132;132;0.46;18.3;50;87287;
27361;2025-01-01T04:59:44;20;21;21;21;156;157;157;157;0.49;18.28;50;87290;
27362;2025-01-01T05:00:46;17;18;19;19;138;139;139;139;0.48;18.2;50;87291;
27363;2025-01-01T05:01:48;15;16;16;16;121;121;121;121;0.46;18.16;50;87299;
27364;2025-01-01T05:02:50;14;15;15;15;112;113;113;113;0.47;18.21;50;87291;
27365;2025-01-01T05:03:53;13;14;14;14;103;103;104;104;0.47;18.19;49;87294;
27366;2025-01-01T05:04:55;13;14;14;14;104;104;104;104;0.47;18.19;50;87300;
27367;2025-01-01T05:05:57;13;14;14;14;103;104;104;104;0.48;18.18;50;87295;
27368;2025-01-01T05:06:59;14;15;15;15;109;110;110;110;0.48;18.14;50;87298;
27369;2025-01-01T05:08:02;15;16;16;16;119;119;119;119;0.47;18.13;50;87300;
27370;2025-01-01T05:09:04;16;17;17;17;125;126;126;126;0.51;18.13;50;87298;
27371;2025-01-01T05:10:06;16;17;17;17;124;125;125;125;0.48;18.19;50;87300;
27372;2025-01-01T05:11:08;14;14;14;14;108;108;108;108;0.45;18.28;49;87302;
27373;2025-01-01T05:12:10;14;15;15;15;109;110;110;110;0.48;18.34;49;87297;
27374;2025-01-01T05:13:13;13;14;14;15;107;107;108;108;0.48;18.39;49;87299;
27375;2025-01-01T05:14:15;12;13;13;13;97;97;97;97;0.45;18.47;49;87298;
27376;2025-01-01T05:15:17;12;13;13;13;99;99;99;99;0.47;18.47;49;87301;
27377;2025-01-01T05:16:19;13;14;14;14;101;101;101;102;0.47;18.53;49;87301;
27378;2025-01-01T05:17:22;13;14;14;14;103;104;104;104;0.47;18.55;49;87309;
27379;2025-01-01T05:18:24;12;12;12;12;93;94;94;94;0.47;18.55;50;87309;
27380;2025-01-01T05:19:26;13;14;14;14;107;107;107;107;0.45;18.57;49;87312;
27381;2025-01-01T05:20:28;15;16;16;16;120;120;120;120;0.46;18.54;49;87313;
27382;2025-01-01T05:21:30;15;16;16;16;122;123;123;123;0.46;18.52;50;87321;
27383;2025-01-01T05:22:33;13;14;14;14;107;107;107;107;0.45;18.5;50;87319;
27384;2025-01-01T05:23:35;14;15;15;15;112;113;113;113;0.44;18.47;49;87320;
27385;2025-01-01T05:24:37;16;17;17;17;128;128;129;129;0.45;18.41;49;87323;
27386;2025-01-01T05:25:39;22;24;24;24;176;177;177;177;0.48;18.36;50;87323;
27387;2025-01-01T05:26:42;23;25;25;25;184;184;184;184;0.49;18.37;49;87326;
27388;2025-01-01T05:27:44;27;29;29;29;212;213;213;214;0.49;18.37;50;87323;
27389;2025-01-01T05:28:46;31;33;33;33;245;246;246;246;0.48;18.33;50;87330;
27390;2025-01-01T05:29:48;34;36;36;36;266;268;268;268;0.49;18.26;50;87326;
27391;2025-01-01T05:30:50;40;43;43;43;317;318;318;318;0.47;18.24;50;87334;
27392;2025-01-01T05:31:53;33;35;35;35;263;264;264;265;0.46;18.21;51;87330;
27393;2025-01-01T05:32:55;34;36;36;36;271;272;272;272;0.47;18.17;50;87330;
27394;2025-01-01T05:33:57;23;25;25;25;184;184;184;184;0.46;18.14;51;87332;
27395;2025-01-01T05:34:59;21;22;22;22;166;167;167;167;0.46;18.14;51;87337;
27396;2025-01-01T05:36:01;20;21;21;21;160;160;160;160;0.44;18.14;51;87335;
27397;2025-01-01T05:37:04;15;16;16;16;117;117;117;117;0.46;18.11;49;87333;
27398;2025-01-01T05:38:06;13;14;14;14;103;103;103;103;0.45;18.11;51;87336;
27399;2025-01-01T05:39:08;13;14;14;14;102;102;102;102;0.46;18.09;50;87342;
27400;2025-01-01T05:40:10;13;13;13;13;101;102;102;102;0.46;18.1;51;87343;
27401;2025-01-01T05:41:13;12;13;13;13;95;95;95;95;0.48;18.09;51;87342;
27402;2025-01-01T05:42:15;13;14;14;14;105;105;105;105;0.48;18.05;51;87344;
27403;2025-01-01T05:43:17;13;14;14;14;106;107;107;107;0.48;18.08;51;87351;
27404;2025-01-01T05:44:19;12;12;12;12;92;92;92;92;0.47;18.1;51;87348;
27405;2025-01-01T05:45:21;13;14;14;14;104;104;104;104;0.45;18.09;51;87348;
27406;2025-01-01T05:46:24;13;13;13;13;100;100;100;100;0.45;18.08;51;87346;
27407;2025-01-01T05:47:26;13;14;14;14;102;103;103;103;0.45;18.07;51;87350;
27408;2025-01-01T05:48:28;13;14;14;14;104;104;104;104;0.45;18.07;51;87350;
27409;2025-01-01T05:49:30;13;14;14;14;103;103;104;104;0.45;18.03;51;87350;
27410;2025-01-01T05:50:33;13;14;14;14;103;104;104;104;0.44;18.0;51;87352;
27411;2025-01-01T05:51:35;14;14;14;14;108;108;108;108;0.46;18.03;51;87347;
27412;2025-01-01T05:52:37;13;14;14;14;106;107;107;107;0.46;18.03;51;87353;
27413;2025-01-01T05:53:39;14;14;14;15;107;108;108;108;0.47;18.04;51;87354;
27414;2025-01-01T05:54:42;14;14;14;14;108;109;109;109;0.44;18.01;51;87347;
27415;2025-01-01T05:55:44;14;15;15;15;109;110;110;110;0.46;18.0;51;87357;
27416;2025-01-01T05:56:46;15;16;16;16;118;119;119;119;0.45;17.95;51;87351;
27417;2025-01-01T05:57:48;15;16;16;16;121;122;122;122;0.45;17.92;52;87351;
27418;2025-01-01T05:58:50;16;16;16;16;124;124;124;124;0.44;17.86;52;87356;
27419;2025-01-01T05:59:53;16;17;17;17;128;128;128;128;0.47;17.83;52;87351;
27420;2025-01-01T06:00:55;15;16;16;16;122;123;123;123;0.44;17.78;52;87355;
27421;2025-01-01T06:01:57;15;16;16;16;121;122;122;122;0.45;17.78;53;87349;
27422;2025-01-01T06:02:59;15;16;16;16;121;121;121;121;0.45;17.68;53;87356;
27423;2025-01-01T06:04:01;16;17;17;17;124;125;125;125;0.45;17.59;53;87358;
27424;2025-01-01T06:05:04;17;18;18;18;137;138;138;138;0.45;17.58;53;87361;
27425;2025-01-01T06:06:06;20;21;21;21;156;157;157;157;0.46;17.59;53;87360;
27426;2025-01-01T06:07:08;18;20;20;20;146;147;147;147;0.46;17.57;53;87361;
27427;2025-01-01T06:08:10;15;16;16;16;117;117;117;117;0.46;17.58;53;87362;
27428;2025-01-01T06:09:13;20;21;21;21;161;162;162;162;0.46;17.55;53;87363;
27429;2025-01-01T06:10:15;21;23;23;23;169;170;170;170;0.49;17.48;53;87363;
27430;2025-01-01T06:11:17;15;15;16;16;116;116;116;116;0.48;17.42;54;87357;
27431;2025-01-01T06:12:19;13;14;14;14;105;106;106;106;0.46;17.47;53;87364;
27432;2025-01-01T06:13:21;14;15;15;15;110;110;110;110;0.46;17.51;53;87361;
27433;2025-01-01T06:14:24;13;14;14;14;107;107;107;107;0.47;17.53;53;87363;
27434;2025-01-01T06:15:26;16;17;17;17;131;131;131;131;0.46;17.53;53;87365;
27435;2025-01-01T06:16:28;18;19;19;19;140;140;140;140;0.48;17.46;53;87362;
27436;2025-01-01T06:17:30;20;21;21;21;158;158;158;158;0.47;17.46;54;87357;
27437;2025-01-01T06:18:33;17;18;18;18;133;134;134;134;0.48;17.5;53;87368;
27438;2025-01-01T06:19:35;20;21;21;21;159;159;159;159;0.47;17.5;54;87363;
27439;2025-01-01T06:20:37;20;21;21;21;155;156;156;156;0.46;17.56;53;87364;
27440;2025-01-01T06:21:39;20;22;22;22;162;163;163;163;0.47;17.6;53;87370;
27441;2025-01-01T06:22:41;23;24;24;24;179;180;180;180;0.48;17.62;53;87365;
27442;2025-01-01T06:23:44;25;27;27;27;200;201;201;201;0.47;17.61;53;87365;
27443;2025-01-01T06:24:46;24;26;26;26;194;195;195;195;0.44;17.57;54;87368;
27444;2025-01-01T06:25:48;23;24;24;24;181;181;181;181;0.45;17.59;53;87368;
27445;2025-01-01T06:26:50;23;24;24;24;182;182;182;182;0.46;17.58;53;87373;
27446;2025-01-01T06:27:53;25;26;26;26;196;196;196;196;0.44;17.61;54;87374;
27447;2025-01-01T06:28:55;30;32;32;32;238;238;238;238;0.47;17.63;54;87376;
27448;2025-01-01T06:29:57;48;51;52;52;384;385;386;386;0.48;17.54;54;87367;
27449;2025-01-01T06:30:59;58;62;63;63;465;467;467;467;0.47;17.49;54;87378;
27450;2025-01-01T06:32:01;64;68;69;69;508;511;511;511;0.49;17.49;54;87375;
27451;2025-01-01T06:33:04;66;70;70;71;521;523;523;523;0.48;17.49;54;87372;
27452;2025-01-01T06:34:06;58;62;62;62;458;460;461;461;0.49;17.5;54;87374;
27453;2025-01-01T06:35:08;52;56;56;57;416;418;418;418;0.48;17.49;54;87375;
27454;2025-01-01T06:36:10;43;45;46;46;338;339;339;339;0.48;17.49;54;87381;
27455;2025-01-01T06:37:12;38;41;41;41;305;306;306;306;0.46;17.44;54;87376;
27456;2025-01-01T06:38:15;42;44;44;44;333;334;334;334;0.46;17.46;54;87379;
27457;2025-01-01T06:39:17;39;41;41;41;307;308;308;308;0.45;17.45;54;87383;
27458;2025-01-01T06:40:19;40;42;42;42;315;316;316;316;0.45;17.45;54;87372;
27459;2025-01-01T06:41:21;38;40;40;41;303;304;304;304;0.46;17.51;54;87391;
27460;2025-01-01T06:42:24;38;40;41;41;304;305;305;305;0.46;17.46;55;87385;
27461;2025-01-01T06:43:26;40;42;42;42;315;317;317;317;0.45;17.46;55;87385;
27462;2025-01-01T06:44:28;48;51;51;51;382;384;384;384;0.45;17.44;56;87382;
27463;2025-01-01T06:45:30;52;55;55;55;411;412;412;412;0.46;17.48;56;87385;
27464;2025-01-01T06:46:33;52;56;56;56;417;419;419;419;0.45;17.56;55;87389;
27465;2025-01-01T06:47:35;48;51;51;51;381;382;382;382;0.46;17.59;56;87390;
27466;2025-01-01T06:48:37;48;50;50;50;379;380;380;380;0.46;17.62;55;87394;
27467;2025-01-01T06:49:39;62;66;66;67;496;498;498;498;0.47;17.66;56;87392;
27468;2025-01-01T06:50:41;54;57;57;57;427;428;429;429;0.46;17.64;56;87394;
27469;2025-01-01T06:51:44;52;55;55;56;413;415;415;415;0.47;17.65;56;87399;
27470;2025-01-01T06:52:46;56;60;60;60;445;447;447;447;0.47;17.71;56;87404;
27471;2025-01-01T06:53:48;61;65;65;65;485;486;487;487;0.46;17.73;56;87404;
27472;2025-01-01T06:54:50;59;62;63;63;467;469;469;469;0.48;17.74;56;87402;
27473;2025-01-01T06:55:52;59;63;63;63;468;470;470;470;0.49;17.75;57;87401;
27474;2025-01-01T06:56:55;62;66;66;66;492;493;494;494;0.45;17.75;57;87406;
27475;2025-01-01T06:57:57;61;65;65;65;488;490;490;490;0.46;17.73;57;87409;
27476;2025-01-01T06:58:59;62;66;66;66;494;496;496;496;0.47;17.77;57;87397;
27477;2025-01-01T07:00:01;59;62;62;62;466;468;468;468;0.45;17.82;57;87404;
27478;2025-01-01T07:01:04;57;60;60;60;452;453;453;453;0.45;17.85;57;87408;
27479;2025-01-01T07:02:06;52;55;55;55;413;415;415;415;0.46;17.92;57;87407;
27480;2025-01-01T07:03:08;53;56;56;56;421;423;423;423;0.45;17.99;57;87419;
27481;2025-01-01T07:04:10;55;58;58;58;435;436;436;436;0.47;18.0;57;87417;
27482;2025-01-01T07:05:12;53;56;56;56;418;420;420;420;0.45;18.07;57;87421;
27483;2025-01-01T07:06:15;50;53;53;53;399;400;400;400;0.46;18.12;57;87417;
27484;2025-01-01T07:07:17;53;56;56;56;421;423;423;423;0.46;18.15;57;87420;
27485;2025-01-01T07:08:19;37;39;39;39;291;292;292;292;0.49;18.29;58;87417;
27486;2025-01-01T07:09:21;25;27;27;27;200;201;201;201;0.47;18.43;58;87419;
27487;2025-01-01T07:10:24;42;44;45;45;333;334;334;334;0.47;18.51;57;87430;
27488;2025-01-01T07:11:26;43;46;46;46;344;346;346;346;0.48;18.6;57;87437;
27489;2025-01-01T07:12:28;42;44;45;45;331;333;333;333;0.47;18.67;57;87435;
27490;2025-01-01T07:13:30;38;41;41;41;306;307;307;307;0.46;18.72;57;87431;
27491;2025-01-01T07:14:32;41;43;44;44;325;327;327;327;0.48;18.77;56;87445;
27492;2025-01-01T07:15:35;46;49;49;49;367;368;368;368;0.48;18.82;57;87433;
27493;2025-01-01T07:16:37;44;47;47;47;354;355;355;355;0.47;18.9;56;87438;
27494;2025-01-01T07:17:39;42;44;44;44;331;332;332;332;0.48;18.98;56;87438;
27495;2025-01-01T07:18:41;39;41;41;41;307;308;309;309;0.45;19.07;56;87444;
27496;2025-01-01T07:19:44;40;42;42;42;319;320;320;320;0.45;19.16;57;87450;
27497;2025-01-01T07:20:46;40;42;42;42;316;317;317;317;0.45;19.23;55;87454;
27498;2025-01-01T07:21:48;37;39;39;39;294;295;295;295;0.45;19.29;56;87451;
27499;2025-01-01T07:22:50;42;45;45;45;335;336;336;336;0.47;19.34;55;87457;
27500;2025-01-01T07:23:52;39;41;41;41;307;308;308;308;0.45;19.44;56;87460;
27501;2025-01-01T07:24:55;38;40;40;40;301;302;302;302;0.46;19.54;56;87462;
27502;2025-01-01T07:25:57;35;37;37;37;278;279;279;279;0.46;19.62;56;87464;
27503;2025-01-01T07:26:59;33;35;35;35;260;261;261;261;0.46;19.74;55;87474;
27504;2025-01-01T07:28:01;32;34;34;34;258;259;259;259;0.45;19.85;55;87465;
27505;2025-01-01T07:29:03;29;30;31;31;229;230;230;230;0.46;19.97;55;87464;
27506;2025-01-01T07:30:06;42;44;44;44;331;332;332;332;0.45;20.14;56;87462;
27507;2025-01-01T07:31:08;37;40;40;40;297;298;298;298;0.46;20.25;55;87469;
27508;2025-01-01T07:32:10;41;43;43;43;324;325;325;325;0.45;20.34;55;87472;
27509;2025-01-01T07:33:12;42;44;44;44;333;334;334;334;0.44;20.44;55;87471;
27510;2025-01-01T07:34:15;42;45;45;45;336;337;337;337;0.44;20.57;54;87472;
27511;2025-01-01T07:35:17;38;40;40;40;301;302;302;302;0.46;20.66;54;87478;
27512;2025-01-01T07:36:19;28;30;30;30;225;226;226;226;0.45;20.77;54;87476;
27513;2025-01-01T07:37:21;31;33;33;33;250;250;250;250;0.45;20.84;54;87472;
27514;2025-01-01T07:38:23;33;35;35;35;264;265;265;265;0.44;20.91;54;87472;
27515;2025-01-01T07:39:26;31;33;33;33;245;246;246;246;0.46;20.94;54;87482;
27516;2025-01-01T07:40:28;34;36;36;36;270;270;271;271;0.47;20.93;54;87476;
27517;2025-01-01T07:41:30;34;36;37;37;271;272;273;273;0.47;21.04;54;87479;
27518;2025-01-01T07:42:32;29;31;31;31;230;230;230;230;0.43;21.13;53;87479;
27519;2025-01-01T07:43:35;29;31;31;31;229;230;230;230;0.46;21.17;53;87485;
27520;2025-01-01T07:44:37;33;35;35;35;260;261;261;261;0.46;21.1;53;87487;
27521;2025-01-01T07:45:39;30;32;32;32;239;240;240;240;0.46;21.16;53;87486;
27522;2025-01-01T07:46:41;27;28;28;28;211;212;212;212;0.46;21.32;53;87486;
27523;2025-01-01T07:47:43;30;32;32;32;239;240;240;240;0.43;21.41;53;87490;
27524;2025-01-01T07:48:46;33;35;35;35;260;260;260;261;0.43;21.56;53;87493;
27525;2025-01-01T07:49:48;26;28;28;28;209;210;210;210;0.45;21.2;54;87494;
27526;2025-01-01T07:50:50;23;24;24;25;183;184;184;184;0.47;21.33;53;87501;
27527;2025-01-01T07:51:52;28;29;29;29;219;220;220;220;0.45;21.44;53;87494;
27528;2025-01-01T07:52:55;30;32;32;32;239;240;240;240;0.46;21.56;53;87500;
27529;2025-01-01T07:53:57;31;32;32;32;243;244;244;244;0.46;21.53;53;87497;
27530;2025-01-01T07:54:59;29;31;31;31;232;232;232;232;0.45;21.62;53;87495;
27531;2025-01-01T07:56:01;38;40;40;40;298;299;299;299;0.45;21.49;53;87505;
27532;2025-01-01T07:57:03;31;33;33;33;246;247;247;247;0.46;21.61;54;87504;
27533;2025-01-01T07:58:06;33;34;34;35;259;260;260;260;0.45;21.79;53;87506;
27534;2025-01-01T07:59:08;31;33;33;33;247;248;248;248;0.44;21.89;52;87508;
27535;2025-01-01T08:00:10;29;31;31;31;233;234;234;234;0.46;22.1;53;87512;
27536;2025-01-01T08:01:12;27;28;28;28;213;214;214;214;0.46;22.16;52;87506;
27537;2025-01-01T08:02:15;27;29;29;29;216;216;216;216;0.46;22.24;52;87500;
27538;2025-01-01T08:03:17;29;31;31;31;229;230;230;230;0.49;22.31;51;87509;
27539;2025-01-01T08:04:19;29;31;31;31;233;234;234;234;0.46;22.03;50;87516;
27540;2025-01-01T08:05:21;21;22;22;22;165;166;166;166;0.47;22.28;49;87504;
27541;2025-01-01T08:06:23;16;17;17;17;128;129;129;129;0.47;22.33;49;87512;
27542;2025-01-01T08:07:26;17;18;18;18;137;138;138;138;0.46;22.38;50;87507;
27543;2025-01-01T08:08:28;17;18;18;18;135;135;135;135;0.46;22.4;49;87510;
27544;2025-01-01T08:09:30;18;19;19;19;144;144;144;144;0.42;22.45;49;87508;
27545;2025-01-01T08:10:32;25;26;26;26;198;198;198;198;0.43;22.37;49;87511;
27546;2025-01-01T08:11:35;33;34;34;34;259;260;260;260;0.44;22.27;48;87508;
27547;2025-01-01T08:12:37;18;19;19;19;145;145;146;146;0.45;22.14;48;87509;
27548;2025-01-01T08:13:39;29;31;31;31;234;235;235;235;0.43;22.28;48;87510;
27549;2025-01-01T08:14:41;29;31;31;31;231;232;232;232;0.43;22.26;47;87513;
27550;2025-01-01T08:15:43;40;42;42;42;316;317;317;317;0.46;22.22;45;87520;
27551;2025-01-01T08:16:46;33;35;35;35;262;263;263;263;0.47;22.16;47;87519;
27552;2025-01-01T08:17:48;33;35;35;35;261;262;262;262;0.47;22.45;47;87519;
27553;2025-01-01T08:18:50;28;30;30;30;224;225;225;225;0.47;22.58;47;87517;
27554;2025-01-01T08:19:52;22;23;24;24;177;177;177;177;0.45;22.68;46;87525;
27555;2025-01-01T08:20:55;20;21;21;21;156;156;156;156;0.47;22.86;46;87523;
27556;2025-01-01T08:21:57;19;21;21;21;155;155;155;155;0.47;23.05;45;87534;
27557;2025-01-01T08:22:59;20;21;21;21;159;160;160;160;0.46;23.03;44;87533;
27558;2025-01-01T08:24:01;20;22;22;22;162;163;163;163;0.46;23.12;44;87530;
27559;2025-01-01T08:25:03;18;19;19;19;146;146;147;147;0.46;23.27;43;87525;
27560;2025-01-01T08:26:06;19;20;20;20;149;149;149;149;0.45;23.36;42;87526;
27561;2025-01-01T08:27:08;25;26;26;26;197;197;197;198;0.47;23.03;42;87538;
27562;2025-01-01T08:28:10;23;24;24;24;183;184;184;184;0.44;23.15;42;87534;
27563;2025-01-01T08:29:12;30;31;31;31;236;236;236;236;0.43;23.39;43;87536;
27564;2025-01-01T08:30:15;22;23;23;23;175;175;175;175;0.45;23.54;41;87535;
27565;2025-01-01T08:31:17;19;20;20;20;150;150;150;150;0.44;23.55;40;87531;
27566;2025-01-01T08:32:19;19;20;20;20;152;152;152;152;0.45;23.69;42;87525;
27567;2025-01-01T08:33:21;20;21;21;21;157;157;157;157;0.44;23.74;41;87529;
27568;2025-01-01T08:34:23;21;22;22;22;169;169;169;169;0.45;24.08;41;87535;
27569;2025-01-01T08:35:26;25;27;27;27;200;201;201;201;0.43;23.94;40;87536;
27570;2025-01-01T08:36:28;38;40;40;40;303;304;304;304;0.45;23.7;41;87532;
27571;2025-01-01T08:37:30;33;35;35;35;261;262;262;262;0.44;23.97;40;87542;
27572;2025-01-01T08:38:32;27;29;29;29;216;217;217;217;0.43;24.35;40;87534;
27573;2025-01-01T08:39:35;21;23;23;23;169;170;170;170;0.44;24.52;40;87537;
27574;2025-01-01T08:40:37;21;22;22;22;164;165;165;165;0.45;24.67;40;87540;
27575;2025-01-01T08:41:39;17;17;17;17;131;132;132;132;0.43;24.57;40;87536;
27576;2025-01-01T08:42:41;15;16;16;16;118;119;119;119;0.43;24.61;40;87536;
27577;2025-01-01T08:43:44;13;14;14;14;106;106;106;106;0.44;24.87;39;87539;
27578;2025-01-01T08:44:46;14;15;15;15;111;111;111;111;0.43;25.19;38;87535;
27579;2025-01-01T08:45:48;16;17;17;17;126;126;126;126;0.45;25.56;37;87544;
27580;2025-01-01T08:46:50;17;18;18;18;137;138;138;138;0.46;24.87;39;87536;
27581;2025-01-01T08:47:52;16;17;17;17;131;132;132;132;0.43;24.53;40;87537;
27582;2025-01-01T08:48:55;19;21;21;21;154;155;155;155;0.45;25.23;39;87534;
27583;2025-01-01T08:49:57;19;20;20;20;154;155;155;155;0.43;24.96;40;87538;
27584;2025-01-01T08:50:59;16;17;17;17;125;126;126;126;0.45;25.25;39;87537;
27585;2025-01-01T08:52:01;13;13;13;13;100;100;100;100;0.45;25.67;38;87539;
27586;2025-01-01T08:53:04;13;14;14;14;103;103;103;103;0.45;26.04;38;87546;
27587;2025-01-01T08:54:06;14;14;14;14;109;109;109;109;0.46;26.3;38;87541;
27588;2025-01-01T08:55:08;13;14;14;14;106;107;107;107;0.45;26.48;36;87529;
27589;2025-01-01T08:56:10;12;13;13;13;94;94;94;94;0.43;26.37;36;87529;
27590;2025-01-01T08:57:12;24;25;25;25;191;192;192;192;0.45;26.5;37;87529;
27591;2025-01-01T08:58:15;27;28;28;28;211;212;212;212;0.41;26.24;37;87533;
27592;2025-01-01T08:59:17;25;26;26;26;196;197;197;197;0.43;26.77;37;87534;
27593;2025-01-01T09:00:19;13;14;14;14;102;103;103;103;0.44;27.09;36;87539;
27594;2025-01-01T09:01:21;12;13;13;13;99;100;100;100;0.45;27.52;35;87536;
27595;2025-01-01T09:02:24;15;16;16;16;118;118;118;118;0.46;27.1;35;87530;
27596;2025-01-01T09:03:26;16;17;17;17;124;125;125;125;0.43;25.89;36;87541;
27597;2025-01-01T09:04:28;14;15;15;15;115;115;115;115;0.43;26.09;36;87537;
27598;2025-01-01T09:05:30;49;51;52;52;387;388;388;388;0.46;25.78;36;87540;
27599;2025-01-01T09:06:32;16;16;16;17;124;124;124;124;0.45;25.76;36;87538;
27600;2025-01-01T09:07:35;20;21;21;21;159;159;159;159;0.42;26.09;36;87531;
27601;2025-01-01T09:08:37;23;24;24;24;183;183;183;183;0.46;26.28;37;87537;
27602;2025-01-01T09:09:39;14;15;15;15;110;110;110;110;0.46;26.63;35;87534;
27603;2025-01-01T09:10:41;14;14;14;14;108;108;108;108;0.45;26.98;34;87534;
27604;2025-01-01T09:11:44;22;23;23;23;172;172;172;172;0.47;25.75;35;87536;
27605;2025-01-01T09:12:46;18;19;19;19;144;144;144;144;0.46;26.46;35;87532;
27606;2025-01-01T09:13:48;18;19;19;19;141;142;142;142;0.47;25.52;36;87533;
27607;2025-01-01T09:14:50;60;64;64;64;476;478;478;478;0.47;25.75;37;87536;
27608;2025-01-01T09:15:52;31;33;33;33;247;248;248;248;0.49;26.53;36;87539;
27609;2025-01-01T09:16:55;28;30;30;30;226;227;227;227;0.49;26.62;36;87539;
27610;2025-01-01T09:17:57;23;24;24;25;182;183;183;183;0.48;26.61;38;87532;
27611;2025-01-01T09:18:59;19;20;20;20;151;151;151;151;0.46;26.29;37;87546;
27612;2025-01-01T09:20:01;23;24;24;24;181;182;182;182;0.44;26.64;37;87530;
27613;2025-01-01T09:21:04;20;21;21;21;158;158;158;158;0.45;26.41;37;87539;
27614;2025-01-01T09:22:06;19;20;20;20;149;149;149;149;0.43;25.84;39;87528;
27615;2025-01-01T09:23:08;15;16;16;16;119;120;120;120;0.46;25.47;40;87543;
27616;2025-01-01T09:24:10;13;14;14;14;103;103;103;103;0.45;25.71;40;87539;
27617;2025-01-01T09:25:13;14;15;15;15;111;111;111;111;0.44;26.49;38;87534;
27618;2025-01-01T09:26:15;15;16;16;16;123;124;124;124;0.45;27.18;37;87532;
27619;2025-01-01T09:27:17;14;15;15;15;114;114;114;114;0.44;27.3;37;87534;
27620;2025-01-01T09:28:19;13;13;13;13;101;101;101;101;0.43;27.68;36;87529;
27621;2025-01-01T09:29:21;13;13;13;13;100;101;101;101;0.42;27.48;37;87538;
27622;2025-01-01T09:30:24;13;14;14;14;104;105;105;105;0.45;27.37;36;87540;
27623;2025-01-01T09:31:26;12;13;13;13;99;99;99;100;0.43;27.47;36;87534;
27624;2025-01-01T09:32:28;18;19;19;19;144;144;144;144;0.43;27.39;37;87529;
27625;2025-01-01T09:33:30;14;14;14;14;108;108;108;109;0.43;27.45;37;87534;
27626;2025-01-01T09:34:33;18;20;20;20;147;148;148;148;0.43;26.54;39;87526;
27627;2025-01-01T09:35:35;16;17;17;17;130;130;130;130;0.46;26.09;41;87536;
27628;2025-01-01T09:36:37;13;13;13;13;100;100;100;100;0.45;26.72;39;87535;
27629;2025-01-01T09:37:39;16;17;17;17;125;125;125;125;0.44;26.36;40;87536;
27630;2025-01-01T09:38:42;15;16;16;16;122;122;122;122;0.42;26.05;41;87534;
27631;2025-01-01T09:39:44;14;15;15;15;115;116;116;116;0.45;25.48;42;87539;
27632;2025-01-01T09:40:46;21;22;22;22;168;168;168;168;0.44;25.72;42;87532;
27633;2025-01-01T09:41:48;14;15;15;15;111;111;111;111;0.44;25.79;42;87536;
27634;2025-01-01T09:42:50;13;14;14;14;103;103;103;103;0.45;25.75;42;87527;
27635;2025-01-01T09:43:53;15;16;16;16;121;121;121;121;0.44;25.61;42;87534;
27636;2025-01-01T09:44:55;17;18;18;18;139;139;139;139;0.41;26.12;42;87526;
27637;2025-01-01T09:45:57;14;15;15;15;114;114;114;114;0.42;25.94;42;87533;
27638;2025-01-01T09:46:59;23;25;25;25;185;186;186;186;0.42;26.0;41;87524;
27639;2025-01-01T09:48:02;14;15;15;15;112;112;112;112;0.45;26.11;41;87527;
27640;2025-01-01T09:49:04;12;12;12;12;92;92;92;92;0.46;25.86;41;87528;
27641;2025-01-01T09:50:06;21;22;22;22;165;166;166;166;0.44;26.07;41;87531;
27642;2025-01-01T09:51:08;20;22;22;22;162;162;162;162;0.42;25.59;41;87520;
27643;2025-01-01T09:52:11;13;13;13;13;100;101;101;101;0.43;25.57;42;87529;
27644;2025-01-01T09:53:13;12;12;12;12;94;94;94;94;0.44;25.41;42;87524;
27645;2025-01-01T09:54:15;14;15;15;15;112;112;112;112;0.45;26.12;42;87527;
27646;2025-01-01T09:55:17;15;16;16;16;120;120;120;120;0.43;25.6;42;87527;
27647;2025-01-01T09:56:19;14;15;15;15;109;109;109;109;0.43;25.61;42;87515;
27648;2025-01-01T09:57:22;18;19;19;19;144;144;144;144;0.46;25.55;42;87521;
27649;2025-01-01T09:58:24;18;19;19;19;143;144;144;144;0.47;26.36;42;87527;
27650;2025-01-01T09:59:26;15;16;16;16;121;121;121;121;0.47;26.76;41;87519;
27651;2025-01-01T10:00:28;14;15;15;15;111;112;112;112;0.47;26.81;40;87523;
27652;2025-01-01T10:01:31;12;13;13;13;99;99;99;99;0.45;27.26;39;87512;
27653;2025-01-01T10:02:33;13;13;13;13;100;100;100;100;0.44;27.21;39;87519;
27654;2025-01-01T10:03:35;15;16;16;16;117;117;117;117;0.43;26.95;40;87522;
27655;2025-01-01T10:04:37;18;19;19;19;142;142;142;142;0.46;27.21;39;87524;
27656;2025-01-01T10:05:39;23;24;24;24;183;183;183;183;0.45;26.71;38;87515;
27657;2025-01-01T10:06:42;20;22;22;22;162;163;163;163;0.46;26.51;39;87517;
27658;2025-01-01T10:07:44;14;15;15;15;110;110;110;110;0.45;25.96;40;87519;
27659;2025-01-01T10:08:46;33;35;35;36;266;267;267;267;0.44;26.37;40;87517;
27660;2025-01-01T10:09:48;16;17;17;17;125;126;126;126;0.44;26.83;40;87509;
27661;2025-01-01T10:10:51;26;28;28;28;210;210;210;210;0.46;27.63;38;87525;
27662;2025-01-01T10:11:53;21;22;22;22;165;166;166;166;0.46;27.63;37;87511;
27663;2025-01-01T10:12:55;24;25;25;25;188;188;188;188;0.44;27.58;38;87515;
27664;2025-01-01T10:13:57;30;32;32;32;240;241;241;241;0.45;27.41;37;87517;
27665;2025-01-01T10:15:00;26;27;27;27;204;204;204;204;0.44;27.37;37;87522;
27666;2025-01-01T10:16:02;33;35;35;35;262;263;263;263;0.47;27.63;36;87516;
27667;2025-01-01T10:17:04;25;27;27;27;200;201;201;201;0.47;27.42;37;87510;
27668;2025-01-01T10:18:06;17;18;18;18;138;138;138;138;0.46;27.6;36;87512;
27669;2025-01-01T10:19:08;16;17;17;17;124;125;125;125;0.47;28.45;36;87513;
27670;2025-01-01T10:20:11;15;16;16;16;117;118;118;118;0.46;27.43;36;87506;
27671;2025-01-01T10:21:13;16;17;17;17;124;125;125;125;0.45;28.17;36;87515;
27672;2025-01-01T10:22:15;14;15;15;15;113;113;113;113;0.45;28.61;35;87511;
27673;2025-01-01T10:23:17;44;46;46;46;349;350;350;351;0.43;28.01;36;87507;
27674;2025-01-01T10:24:20;24;25;25;25;189;189;190;190;0.43;28.14;36;87511;
27675;2025-01-01T10:25:22;28;30;30;30;224;225;225;225;0.47;27.66;36;87501;
27676;2025-01-01T10:26:24;24;26;26;26;194;195;195;195;0.45;27.35;36;87502;
27677;2025-01-01T10:27:26;17;18;18;18;139;139;139;139;0.44;26.66;37;87500;
27678;2025-01-01T10:28:28;18;19;19;19;142;142;142;142;0.44;27.28;37;87498;
27679;2025-01-01T10:29:31;15;16;16;16;123;123;123;123;0.45;27.31;37;87497;
27680;2025-01-01T10:30:33;21;23;23;23;169;170;170;170;0.45;27.82;37;87502;
27681;2025-01-01T10:31:35;17;18;18;18;135;135;135;135;0.44;28.58;36;87498;
27682;2025-01-01T10:32:37;15;16;16;16;120;120;120;120;0.42;27.82;37;87499;
27683;2025-01-01T10:33:40;16;17;17;17;130;131;131;131;0.42;28.38;37;87497;
27684;2025-01-01T10:34:42;17;18;18;18;132;133;133;133;0.43;28.17;36;87498;
27685;2025-01-01T10:35:44;16;17;17;17;127;127;127;127;0.43;28.02;35;87501;
27686;2025-01-01T10:36:46;14;15;15;15;112;112;112;112;0.43;27.83;36;87501;
27687;2025-01-01T10:37:49;12;13;13;13;99;99;99;99;0.42;27.81;36;87495;
27688;2025-01-01T10:38:51;15;16;16;16;120;120;120;120;0.43;27.78;36;87492;
27689;2025-01-01T10:39:53;12;13;13;13;98;98;98;98;0.44;27.99;36;87491;
27690;2025-01-01T10:40:55;13;14;14;14;103;103;103;103;0.45;28.16;36;87486;
27691;2025-01-01T10:41:58;13;14;14;14;103;103;103;103;0.44;28.18;35;87476;
27692;2025-01-01T10:43:00;15;16;16;16;122;122;122;122;0.46;28.04;36;87486;
27693;2025-01-01T10:44:02;24;26;26;26;192;193;193;193;0.47;27.82;36;87485;
27694;2025-01-01T10:45:04;28;30;30;30;222;223;223;223;0.46;27.98;36;87487;
27695;2025-01-01T10:46:06;39;42;42;42;313;314;314;315;0.49;27.7;36;87487;
27696;2025-01-01T10:47:09;39;42;42;42;312;313;313;313;0.46;27.3;37;87479;
27697;2025-01-01T10:48:11;22;24;24;24;178;179;179;179;0.48;27.25;36;87480;
27698;2025-01-01T10:49:13;19;20;21;21;153;154;154;154;0.47;27.57;37;87480;
27699;2025-01-01T10:50:15;14;15;15;15;110;110;110;111;0.46;27.56;37;87479;
27700;2025-01-01T10:51:18;17;17;18;18;131;132;132;132;0.44;27.77;37;87476;
27701;2025-01-01T10:52:20;17;18;18;18;133;133;133;133;0.42;28.01;35;87477;
27702;2025-01-01T10:53:22;22;24;24;24;178;179;179;179;0.45;27.87;36;87476;
27703;2025-01-01T10:54:24;26;28;28;28;210;211;211;211;0.45;27.73;35;87474;
27704;2025-01-01T10:55:26;31;33;33;33;246;246;246;246;0.45;27.94;35;87474;
27705;2025-01-01T10:56:29;25;26;26;26;198;198;198;198;0.45;27.93;35;87466;
27706;2025-01-01T10:57:31;17;18;18;18;138;139;139;139;0.45;27.77;36;87473;
27707;2025-01-01T10:58:33;21;22;22;22;166;167;167;167;0.47;27.97;36;87469;
27708;2025-01-01T10:59:35;22;23;23;23;171;172;172;172;0.46;27.93;35;87461;
27709;2025-01-01T11:00:38;21;22;22;22;165;166;166;166;0.49;27.77;35;87466;
27710;2025-01-01T11:01:40;17;18;18;18;135;135;135;135;0.46;28.06;36;87461;
27711;2025-01-01T11:02:42;18;19;19;19;145;145;145;145;0.46;27.76;35;87461;
27712;2025-01-01T11:03:44;13;14;14;14;102;102;102;102;0.45;27.69;36;87463;
27713;2025-01-01T11:04:47;19;21;21;21;155;155;155;155;0.47;28.47;36;87462;
27714;2025-01-01T11:05:49;19;20;20;20;147;148;148;148;0.44;28.58;35;87451;
27715;2025-01-01T11:06:51;15;16;16;16;121;122;122;122;0.43;28.22;35;87449;
27716;2025-01-01T11:07:53;14;15;15;15;109;110;110;110;0.43;27.63;36;87455;
27717;2025-01-01T11:08:55;11;12;12;12;87;87;87;87;0.44;27.72;36;87450;
27718;2025-01-01T11:09:58;14;14;14;14;108;108;108;109;0.45;27.71;36;87446;
27719;2025-01-01T11:11:00;13;14;14;14;105;105;105;106;0.45;28.16;36;87441;
27720;2025-01-01T11:12:02;13;14;14;14;107;107;107;107;0.44;28.36;36;87448;
27721;2025-01-01T11:13:04;19;20;20;20;149;150;150;150;0.45;28.7;35;87445;
27722;2025-01-01T11:14:07;16;17;17;17;125;125;125;125;0.44;28.58;34;87435;
27723;2025-01-01T11:15:09;22;23;23;23;172;172;172;172;0.46;28.09;35;87435;
27724;2025-01-01T11:16:11;24;25;25;25;191;191;191;191;0.44;28.41;34;87434;
27725;2025-01-01T11:17:13;22;23;23;23;173;174;174;174;0.45;28.47;34;87437;
27726;2025-01-01T11:18:16;18;20;20;20;147;147;147;147;0.47;28.18;35;87437;
27727;2025-01-01T11:19:18;20;21;21;21;157;157;158;158;0.46;28.14;35;87435;
27728;2025-01-01T11:20:20;17;19;19;19;139;140;140;140;0.44;28.67;34;87435;
27729;2025-01-01T11:21:22;17;18;18;18;136;137;137;137;0.48;28.55;33;87440;
27730;2025-01-01T11:22:24;16;17;17;17;126;127;127;127;0.47;28.6;34;87426;
27731;2025-01-01T11:23:27;15;16;16;16;122;122;122;122;0.44;28.95;32;87425;
27732;2025-01-01T11:24:29;13;14;14;14;106;106;106;106;0.43;29.21;33;87422;
27733;2025-01-01T11:25:31;22;24;24;24;177;178;178;178;0.43;28.53;34;87417;
27734;2025-01-01T11:26:33;14;15;15;15;113;114;114;114;0.42;29.33;34;87429;
27735;2025-01-01T11:27:36;19;20;20;20;153;153;153;153;0.44;29.38;33;87410;
27736;2025-01-01T11:28:38;18;19;19;19;141;142;142;142;0.45;29.81;33;87411;
27737;2025-01-01T11:29:40;15;16;16;16;123;123;123;123;0.45;29.78;32;87418;
27738;2025-01-01T11:30:42;16;17;17;17;131;131;131;131;0.44;29.14;33;87414;
27739;2025-01-01T11:31:45;14;15;15;15;110;110;110;110;0.45;28.5;33;87411;
27740;2025-01-01T11:32:47;13;14;14;14;104;104;104;104;0.44;28.96;32;87412;
27741;2025-01-01T11:33:49;20;21;21;21;156;156;156;156;0.44;29.56;34;87401;
27742;2025-01-01T11:34:51;14;14;14;14;108;109;109;109;0.43;29.15;33;87398;
27743;2025-01-01T11:35:53;15;16;16;16;120;120;120;120;0.44;28.99;33;87399;
27744;2025-01-01T11:36:56;20;21;22;22;161;161;161;161;0.48;29.04;33;87400;
27745;2025-01-01T11:37:58;22;24;24;24;178;178;178;178;0.47;29.51;33;87398;
27746;2025-01-01T11:39:00;16;17;17;17;128;128;128;128;0.45;29.4;33;87399;
27747;2025-01-01T11:40:02;14;15;15;15;114;115;115;115;0.47;29.61;34;87394;
27748;2025-01-01T11:41:05;18;19;19;19;146;147;147;147;0.45;29.48;32;87393;
27749;2025-01-01T11:42:07;15;16;16;16;120;120;120;120;0.44;28.85;33;87397;
27750;2025-01-01T11:43:09;11;12;12;12;90;91;91;91;0.46;28.82;33;87388;
27751;2025-01-01T11:44:11;14;15;15;15;112;112;112;112;0.44;28.93;33;87386;
27752;2025-01-01T11:45:14;21;22;22;22;167;167;167;167;0.43;28.73;34;87382;
27753;2025-01-01T11:46:16;19;20;20;20;149;150;150;150;0.44;29.62;33;87390;
27754;2025-01-01T11:47:18;17;18;18;18;138;139;139;139;0.45;29.51;33;87383;
27755;2025-01-01T11:48:20;24;25;25;25;191;192;192;192;0.43;29.65;31;87382;
27756;2025-01-01T11:49:22;15;16;16;16;122;123;123;123;0.43;28.89;33;87381;
27757;2025-01-01T11:50:25;22;23;23;23;173;174;174;174;0.45;29.41;32;87375;
27758;2025-01-01T11:51:27;27;29;29;29;216;217;217;217;0.44;29.13;32;87367;
27759;2025-01-01T11:52:29;18;19;19;19;143;143;143;143;0.46;28.78;32;87369;
27760;2025-01-01T11:53:31;16;17;17;17;129;129;129;130;0.46;28.67;32;87379;
27761;2025-01-01T11:54:34;20;21;21;21;159;160;160;160;0.46;28.92;32;87371;
27762;2025-01-01T11:55:36;19;20;20;20;152;152;152;152;0.47;28.81;33;87367;
27763;2025-01-01T11:56:38;16;17;17;17;129;129;129;129;0.48;29.07;33;87362;
27764;2025-01-01T11:57:40;16;17;17;17;125;125;125;125;0.48;29.29;33;87372;
27765;2025-01-01T11:58:43;13;13;14;14;101;101;101;101;0.49;29.17;32;87356;
27766;2025-01-01T11:59:45;22;24;24;24;178;178;178;178;0.46;29.0;33;87355;
27767;2025-01-01T12:00:47;18;19;19;19;141;142;142;142;0.44;29.38;32;87360;
27768;2025-01-01T12:01:49;17;18;18;18;133;133;133;133;0.43;28.73;33;87354;
27769;2025-01-01T12:02:51;13;14;14;14;106;107;107;107;0.42;29.15;34;87359;
27770;2025-01-01T12:03:54;14;14;14;14;108;109;109;109;0.45;29.66;32;87350;
27771;2025-01-01T12:04:56;12;13;13;13;98;98;98;98;0.45;29.29;32;87344;
27772;2025-01-01T12:05:58;15;16;16;16;119;119;120;120;0.45;28.76;33;87352;
27773;2025-01-01T12:07:00;18;19;19;19;140;141;141;141;0.43;28.78;33;87337;
27774;2025-01-01T12:08:03;21;23;23;23;170;170;170;170;0.42;29.26;33;87345;
27775;2025-01-01T12:09:05;19;20;20;20;148;148;148;148;0.42;29.34;33;87339;
27776;2025-01-01T12:10:07;12;12;12;12;92;93;93;93;0.42;29.46;33;87337;
27777;2025-01-01T12:11:09;15;16;16;16;121;122;122;122;0.44;28.9;32;87332;
27778;2025-01-01T12:12:12;18;19;19;19;142;143;143;143;0.45;29.33;32;87344;
27779;2025-01-01T12:13:14;17;18;18;18;133;134;134;134;0.44;29.07;32;87332;
27780;2025-01-01T12:14:16;14;15;15;15;114;114;114;114;0.41;29.33;33;87337;
27781;2025-01-01T12:15:18;11;12;12;12;90;90;90;90;0.43;29.22;31;87329;
27782;2025-01-01T12:16:20;15;15;15;15;116;116;116;116;0.42;29.37;31;87326;
27783;2025-01-01T12:17:23;14;15;15;15;112;113;113;113;0.43;29.96;31;87330;
27784;2025-01-01T12:18:25;15;16;16;16;121;122;122;122;0.42;29.73;31;87334;
27785;2025-01-01T12:19:27;12;12;12;12;94;94;94;94;0.44;30.11;32;87325;
27786;2025-01-01T12:20:29;14;14;14;14;109;109;109;109;0.45;30.37;30;87319;
27787;2025-01-01T12:21:32;13;14;14;14;105;105;105;105;0.46;30.74;30;87320;
27788;2025-01-01T12:22:34;11;11;11;11;85;86;86;86;0.45;30.4;30;87313;
27789;2025-01-01T12:23:36;17;18;18;18;133;134;134;134;0.44;30.38;30;87307;
27790;2025-01-01T12:24:38;14;15;15;15;115;115;115;115;0.42;31.01;30;87316;
27791;2025-01-01T12:25:41;11;12;12;12;89;89;89;89;0.44;30.8;29;87312;
27792;2025-01-01T12:26:43;12;13;13;13;97;97;98;98;0.44;30.94;28;87307;
27793;2025-01-01T12:27:45;14;14;14;14;108;108;108;108;0.43;30.86;29;87297;
27794;2025-01-01T12:28:47;15;16;16;16;117;118;118;118;0.43;31.07;29;87302;
27795;2025-01-01T12:29:49;15;16;16;16;118;118;118;118;0.43;31.24;30;87308;
27796;2025-01-01T12:30:52;16;17;17;17;126;127;127;127;0.45;30.92;29;87305;
27797;2025-01-01T12:31:54;14;15;15;15;111;112;112;112;0.46;30.6;29;87302;
27798;2025-01-01T12:32:56;14;15;15;15;115;115;115;115;0.47;29.49;29;87309;
27799;2025-01-01T12:33:58;12;13;13;13;96;97;97;97;0.47;30.01;30;87298;
27800;2025-01-01T12:35:01;17;18;18;18;137;137;137;137;0.45;30.46;28;87295;
27801;2025-01-01T12:36:03;18;19;19;19;141;142;142;142;0.46;29.24;29;87301;
27802;2025-01-01T12:37:05;17;18;18;18;135;136;136;136;0.47;30.16;30;87294;
27803;2025-01-01T12:38:07;16;16;16;17;123;124;124;124;0.47;30.1;29;87291;
27804;2025-01-01T12:39:10;15;16;16;16;119;119;119;119;0.44;29.68;27;87294;
27805;2025-01-01T12:40:12;11;12;12;12;87;87;87;87;0.44;30.45;28;87289;
27806;2025-01-01T12:41:14;11;12;12;12;87;87;87;87;0.44;29.81;27;87296;
27807;2025-01-01T12:42:16;12;13;13;13;95;95;96;96;0.45;29.72;27;87288;
27808;2025-01-01T12:43:19;11;12;12;12;91;91;91;91;0.43;30.07;27;87286;
27809;2025-01-01T12:44:21;9;10;10;10;74;74;74;74;0.44;30.49;27;87280;
27810;2025-01-01T12:45:23;10;11;11;11;82;83;83;83;0.45;30.57;28;87273;
27811;2025-01-01T12:46:25;11;12;12;12;87;88;88;88;0.46;30.49;26;87271;
27812;2025-01-01T12:47:27;12;13;13;13;96;96;96;96;0.47;30.13;26;87274;
27813;2025-01-01T12:48:30;10;10;10;10;76;76;76;76;0.48;29.94;26;87261;
27814;2025-01-01T12:49:32;10;11;11;11;80;80;80;80;0.46;30.47;26;87263;
27815;2025-01-01T12:50:34;14;15;15;15;111;111;111;111;0.45;30.24;27;87260;
27816;2025-01-01T12:51:36;10;11;11;11;83;83;83;83;0.46;30.08;26;87262;
27817;2025-01-01T12:52:39;11;11;11;11;85;85;85;85;0.46;29.94;25;87261;
27818;2025-01-01T12:53:41;9;10;10;10;75;76;76;76;0.45;30.6;26;87255;
27819;2025-01-01T12:54:43;10;11;11;11;80;80;80;80;0.44;30.58;24;87260;
27820;2025-01-01T12:55:45;9;10;10;10;75;75;75;75;0.45;30.21;24;87251;
27821;2025-01-01T12:56:47;10;11;11;11;83;83;83;83;0.43;31.05;25;87249;
27822;2025-01-01T12:57:50;9;10;10;10;74;74;74;74;0.42;31.12;25;87250;
27823;2025-01-01T12:58:52;10;11;11;11;80;80;80;80;0.44;31.29;25;87238;
27824;2025-01-01T12:59:54;13;14;14;14;107;107;107;107;0.43;30.76;24;87250;
27825;2025-01-01T13:00:56;9;10;10;10;73;73;73;73;0.44;29.78;23;87240;
27826;2025-01-01T13:01:59;10;11;11;11;81;81;81;81;0.43;30.46;24;87245;
27827;2025-01-01T13:03:01;11;12;12;12;88;89;89;89;0.44;30.11;25;87239;
27828;2025-01-01T13:04:03;13;14;14;14;104;105;105;105;0.47;30.34;25;87235;
27829;2025-01-01T13:05:05;13;14;14;14;102;103;103;103;0.49;31.08;25;87237;
27830;2025-01-01T13:06:08;9;9;9;9;70;70;70;70;0.45;30.68;24;87231;
27831;2025-01-01T13:07:10;9;9;9;9;71;71;71;71;0.44;31.14;24;87244;
27832;2025-01-01T13:08:12;10;11;11;11;80;80;80;80;0.43;30.92;24;87233;
27833;2025-01-01T13:09:14;11;12;12;12;90;90;90;90;0.44;30.61;22;87230;
27834;2025-01-01T13:10:16;10;11;11;11;81;81;81;81;0.47;30.93;23;87233;
27835;2025-01-01T13:11:19;13;14;14;14;107;107;107;107;0.46;31.12;23;87236;
27836;2025-01-01T13:12:21;9;9;9;9;70;70;70;70;0.46;31.19;23;87225;
27837;2025-01-01T13:13:23;9;10;10;10;75;76;76;76;0.45;31.01;22;87229;
27838;2025-01-01T13:14:25;8;9;9;9;67;67;67;67;0.45;30.43;22;87229;
27839;2025-01-01T13:15:28;8;9;9;9;66;66;66;66;0.44;30.86;22;87229;
27840;2025-01-01T13:16:30;8;8;8;8;60;60;60;60;0.45;30.91;23;87226;
27841;2025-01-01T13:17:32;8;9;9;9;64;64;64;64;0.44;30.44;23;87220;
27842;2025-01-01T13:18:34;9;10;10;10;71;72;72;72;0.45;30.58;23;87218;
27843;2025-01-01T13:19:36;11;12;12;12;88;88;88;88;0.48;30.96;23;87214;
27844;2025-01-01T13:20:39;10;11;11;11;81;81;81;81;0.46;30.82;24;87216;
27845;2025-01-01T13:21:41;8;9;9;9;67;67;67;67;0.44;31.25;24;87219;
27846;2025-01-01T13:22:43;10;10;10;10;76;76;76;76;0.44;31.52;23;87218;
27847;2025-01-01T13:23:45;8;9;9;9;64;64;64;64;0.45;31.67;22;87213;
27848;2025-01-01T13:24:48;8;8;8;8;64;64;64;64;0.46;31.41;23;87217;
27849;2025-01-01T13:25:50;9;10;10;10;72;72;72;72;0.45;31.45;22;87217;
27850;2025-01-01T13:26:52;8;8;8;8;63;63;63;63;0.47;31.66;22;87216;
27851;2025-01-01T13:27:54;10;10;10;10;77;77;77;77;0.44;31.33;22;87202;
27852;2025-01-01T13:28:56;9;10;10;10;72;72;72;72;0.44;31.13;23;87209;
27853;2025-01-01T13:29:59;8;9;9;9;66;66;66;66;0.43;31.39;23;87207;
27854;2025-01-01T13:31:01;11;12;12;12;91;92;92;92;0.42;31.15;22;87209;
27855;2025-01-01T13:32:03;11;12;12;12;88;88;88;88;0.43;31.2;23;87204;
27856;2025-01-01T13:33:05;9;9;9;9;68;69;69;69;0.44;30.92;22;87202;
27857;2025-01-01T13:34:08;8;8;8;8;63;63;63;63;0.46;31.0;23;87203;
27858;2025-01-01T13:35:10;8;9;9;9;65;65;65;65;0.44;30.64;23;87206;
27859;2025-01-01T13:36:12;8;9;9;9;65;65;65;65;0.46;30.29;24;87197;
27860;2025-01-01T13:37:14;15;16;16;16;117;118;118;118;0.43;30.79;24;87204;
27861;2025-01-01T13:38:16;9;10;10;10;74;75;75;75;0.44;30.72;23;87197;
27862;2025-01-01T13:39:19;8;9;9;9;67;67;67;67;0.43;30.03;23;87195;
27863;2025-01-01T13:40:21;9;9;9;9;71;71;71;71;0.44;30.04;23;87187;
27864;2025-01-01T13:41:23;8;9;9;9;67;67;67;67;0.43;29.56;22;87192;
27865;2025-01-01T13:42:25;8;8;8;8;63;63;63;63;0.43;29.53;24;87193;
27866;2025-01-01T13:43:28;19;21;21;21;155;156;156;156;0.41;29.94;23;87194;
27867;2025-01-01T13:44:30;10;11;11;11;82;82;82;82;0.42;29.89;23;87188;
27868;2025-01-01T13:45:32;10;10;10;10;78;78;78;78;0.45;29.81;24;87193;
27869;2025-01-01T13:46:34;10;10;10;10;77;78;78;78;0.46;30.24;25;87186;
27870;2025-01-01T13:47:37;15;16;16;16;119;120;120;120;0.45;30.37;22;87183;
27871;2025-01-01T13:48:39;12;13;13;13;96;97;97;97;0.43;30.46;22;87177;
27872;2025-01-01T13:49:41;11;12;12;12;88;88;88;88;0.44;30.92;23;87182;
27873;2025-01-01T13:50:43;10;11;11;11;83;83;83;83;0.43;30.89;24;87178;
27874;2025-01-01T13:51:45;13;13;13;13;100;101;101;101;0.47;30.97;25;87185;
27875;2025-01-01T13:52:48;16;17;17;17;124;124;124;124;0.46;30.3;22;87179;
27876;2025-01-01T13:53:50;10;11;11;11;82;82;82;82;0.4;29.78;22;87172;
27877;2025-01-01T13:54:52;9;10;10;10;74;74;74;74;0.43;30.25;22;87178;
27878;2025-01-01T13:55:54;10;11;11;11;79;79;79;79;0.45;30.23;22;87164;
27879;2025-01-01T13:56:57;10;11;11;11;82;82;82;82;0.44;30.84;23;87169;
27880;2025-01-01T13:57:59;8;9;9;9;67;67;67;67;0.45;30.67;22;87171;
27881;2025-01-01T13:59:01;9;9;9;9;69;69;69;69;0.43;30.26;22;87162;
27882;2025-01-01T14:00:03;9;10;10;10;75;76;76;76;0.45;30.71;23;87160;
27883;2025-01-01T14:01:06;10;11;11;11;82;82;82;82;0.46;30.82;22;87158;
27884;2025-01-01T14:02:08;10;11;11;11;81;81;81;81;0.43;31.03;22;87163;
27885;2025-01-01T14:03:10;9;9;9;9;70;70;70;70;0.43;31.25;22;87165;
27886;2025-01-01T14:04:12;10;10;10;10;76;77;77;77;0.44;31.12;20;87157;
27887;2025-01-01T14:05:14;8;8;8;8;64;64;64;64;0.45;30.48;19;87158;
27888;2025-01-01T14:06:17;8;9;9;9;68;68;68;68;0.45;30.68;21;87156;
27889;2025-01-01T14:07:19;11;11;11;11;84;84;84;84;0.45;30.5;20;87155;
27890;2025-01-01T14:08:21;11;11;11;11;84;84;84;84;0.42;30.82;21;87152;
27891;2025-01-01T14:09:23;11;12;12;12;91;92;92;92;0.42;30.24;21;87154;
27892;2025-01-01T14:10:26;10;11;11;11;80;81;81;81;0.44;30.35;22;87152;
27893;2025-01-01T14:11:28;8;9;9;9;67;67;67;67;0.44;31.04;21;87156;
27894;2025-01-01T14:12:30;8;9;9;9;66;66;66;66;0.43;30.8;22;87149;
27895;2025-01-01T14:13:32;9;10;10;10;73;74;74;74;0.44;31.03;22;87151;
27896;2025-01-01T14:14:34;8;9;9;9;67;67;67;67;0.44;30.77;21;87145;
27897;2025-01-01T14:15:37;12;13;13;13;95;95;95;95;0.42;30.85;20;87150;
27898;2025-01-01T14:16:39;10;11;11;11;79;79;79;79;0.44;30.25;21;87144;
27899;2025-01-01T14:17:41;9;9;9;9;68;68;68;68;0.43;30.62;21;87137;
27900;2025-01-01T14:18:43;8;9;9;9;64;64;64;64;0.43;29.71;21;87142;
27901;2025-01-01T14:19:46;8;9;9;9;64;64;64;64;0.43;30.46;22;87136;
27902;2025-01-01T14:20:48;16;17;17;17;125;125;126;126;0.43;30.65;21;87138;
27903;2025-01-01T14:21:50;14;15;15;15;112;113;113;113;0.4;30.45;21;87138;
27904;2025-01-01T14:22:52;10;11;11;11;80;80;80;80;0.41;30.49;22;87137;
27905;2025-01-01T14:23:54;10;10;10;10;76;76;76;76;0.42;30.38;23;87134;
27906;2025-01-01T14:24:57;8;9;9;9;66;66;66;66;0.44;30.46;23;87135;
27907;2025-01-01T14:25:59;7;8;8;8;58;58;58;58;0.44;30.16;23;87133;
27908;2025-01-01T14:27:01;9;9;9;9;71;71;71;71;0.44;30.6;22;87134;
27909;2025-01-01T14:28:03;9;10;10;10;73;73;73;73;0.45;30.48;22;87125;
27910;2025-01-01T14:29:06;11;11;11;11;86;86;86;86;0.45;30.67;22;87126;
27911;2025-01-01T14:30:08;9;10;10;10;72;72;72;72;0.44;30.97;23;87123;
27912;2025-01-01T14:31:10;8;9;9;9;65;65;65;65;0.45;30.4;22;87127;
27913;2025-01-01T14:32:12;9;9;9;9;68;68;68;68;0.46;30.52;22;87125;
27914;2025-01-01T14:33:14;8;8;8;8;61;61;61;61;0.47;30.91;22;87131;
27915;2025-01-01T14:34:17;8;8;8;8;63;64;64;64;0.44;31.16;21;87112;
27916;2025-01-01T14:35:19;7;8;8;8;57;57;57;57;0.45;31.08;21;87116;
27917;2025-01-01T14:36:21;8;9;9;9;65;65;65;65;0.47;30.96;22;87105;
27918;2025-01-01T14:37:23;10;11;11;11;81;81;81;81;0.43;30.62;22;87114;
27919;2025-01-01T14:38:26;22;23;23;23;174;174;174;174;0.44;30.77;23;87106;
27920;2025-01-01T14:39:28;16;17;17;17;130;130;130;131;0.4;30.38;22;87106;
27921;2025-01-01T14:40:30;10;11;11;11;81;82;82;82;0.41;30.9;22;87106;
27922;2025-01-01T14:41:32;8;9;9;9;65;65;65;65;0.44;30.99;22;87106;
27923;2025-01-01T14:42:34;7;7;7;7;56;56;56;56;0.45;30.68;20;87105;
27924;2025-01-01T14:43:37;7;7;7;7;55;55;55;55;0.44;31.13;21;87100;
27925;2025-01-01T14:44:39;7;8;8;8;58;58;58;58;0.43;31.02;21;87102;
27926;2025-01-01T14:45:41;8;8;8;8;60;60;60;60;0.46;31.25;21;87102;
27927;2025-01-01T14:46:43;9;9;9;9;69;69;69;69;0.45;30.99;20;87101;
27928;2025-01-01T14:47:46;13;13;13;13;100;100;100;100;0.45;30.46;21;87097;
27929;2025-01-01T14:48:48;8;8;8;8;62;62;62;62;0.45;30.49;22;87101;
27930;2025-01-01T14:49:50;8;8;8;8;62;62;62;62;0.47;30.13;21;87096;
27931;2025-01-01T14:50:52;8;8;8;8;60;60;60;60;0.47;30.06;22;87092;
27932;2025-01-01T14:51:54;7;8;8;8;58;58;58;58;0.46;30.34;22;87100;
27933;2025-01-01T14:52:57;7;7;7;7;53;53;53;53;0.46;30.63;22;87099;
27934;2025-01-01T14:53:59;7;8;8;8;57;58;58;58;0.44;30.45;21;87089;
27935;2025-01-01T14:55:01;8;9;9;9;66;66;66;66;0.43;30.39;21;87096;
27936;2025-01-01T14:56:03;8;9;9;9;66;66;66;66;0.43;30.64;21;87089;
27937;2025-01-01T14:57:06;10;10;10;10;77;77;77;77;0.44;30.65;21;87091;
27938;2025-01-01T14:58:08;9;9;9;9;68;68;68;68;0.45;30.65;21;87082;
27939;2025-01-01T14:59:10;8;8;8;8;62;63;63;63;0.45;30.89;22;87083;
27940;2025-01-01T15:00:12;8;9;9;9;67;68;68;68;0.44;30.78;22;87085;
27941;2025-01-01T15:01:15;10;11;11;11;82;82;82;82;0.45;30.78;22;87085;
27942;2025-01-01T15:02:17;9;10;10;10;73;73;73;73;0.45;30.76;22;87083;
27943;2025-01-01T15:03:19;8;9;9;9;65;66;66;66;0.45;30.76;21;87082;
27944;2025-01-01T15:04:21;12;13;13;13;99;100;100;100;0.43;30.43;21;87085;
27945;2025-01-01T15:05:23;9;9;9;9;70;70;70;71;0.44;30.07;21;87087;
27946;2025-01-01T15:06:26;10;11;11;11;80;80;80;80;0.43;30.28;22;87087;
27947;2025-01-01T15:07:28;8;8;8;8;61;61;62;62;0.44;30.49;23;87081;
27948;2025-01-01T15:08:30;9;10;10;10;72;72;72;72;0.47;30.53;23;87084;
27949;2025-01-01T15:09:32;9;10;10;10;72;72;72;72;0.49;30.46;22;87077;
27950;2025-01-01T15:10:35;9;9;9;9;70;70;70;70;0.47;30.63;22;87071;
27951;2025-01-01T15:11:37;9;10;10;10;71;71;71;71;0.48;30.78;22;87077;
27952;2025-01-01T15:12:39;9;10;10;10;72;73;73;73;0.48;30.72;22;87074;
27953;2025-01-01T15:13:41;9;10;10;10;73;73;73;73;0.46;30.62;21;87069;
27954;2025-01-01T15:14:43;8;8;8;8;63;63;63;63;0.44;30.49;22;87075;
27955;2025-01-01T15:15:46;7;7;7;7;54;54;54;54;0.43;30.5;22;87077;
27956;2025-01-01T15:16:48;8;8;8;8;61;62;62;62;0.45;30.53;23;87064;
27957;2025-01-01T15:17:50;8;8;8;8;63;63;63;63;0.47;30.6;23;87070;
27958;2025-01-01T15:18:52;9;10;10;10;73;73;73;73;0.47;30.59;23;87077;
27959;2025-01-01T15:19:55;9;9;9;9;68;68;68;68;0.45;30.65;23;87065;
27960;2025-01-01T15:20:57;8;8;8;8;64;64;64;64;0.45;30.61;23;87062;
27961;2025-01-01T15:21:59;8;8;8;8;62;62;62;62;0.46;30.65;23;87063;
27962;2025-01-01T15:23:01;7;8;8;8;57;57;57;57;0.46;30.25;22;87074;
27963;2025-01-01T15:24:03;7;7;7;7;55;55;55;55;0.45;30.25;23;87067;
27964;2025-01-01T15:25:06;7;7;7;7;53;53;53;53;0.46;30.34;23;87064;
27965;2025-01-01T15:26:08;7;8;8;8;59;59;59;59;0.46;30.4;23;87058;
27966;2025-01-01T15:27:10;7;8;8;8;57;57;57;57;0.45;30.36;23;87064;
27967;2025-01-01T15:28:12;19;20;20;20;149;150;150;150;0.41;30.21;23;87061;
27968;2025-01-01T15:29:15;12;12;12;12;92;93;93;93;0.43;29.92;23;87062;
27969;2025-01-01T15:30:17;9;10;10;10;74;74;74;74;0.44;29.83;23;87062;
27970;2025-01-01T15:31:19;8;8;8;8;60;60;60;60;0.43;30.07;24;87060;
27971;2025-01-01T15:32:21;8;8;8;8;61;61;61;61;0.42;30.26;23;87062;
27972;2025-01-01T15:33:23;12;12;12;12;93;93;93;93;0.42;30.14;23;87053;
27973;2025-01-01T15:34:26;20;21;21;21;158;159;159;159;0.44;30.13;23;87054;
27974;2025-01-01T15:35:28;13;14;14;14;107;108;108;108;0.46;30.29;24;87057;
27975;2025-01-01T15:36:30;10;10;10;10;76;76;76;76;0.46;30.37;24;87049;
27976;2025-01-01T15:37:32;10;11;11;11;82;82;82;82;0.45;30.4;23;87057;
27977;2025-01-01T15:38:35;9;9;9;9;71;71;71;71;0.45;30.59;23;87046;
27978;2025-01-01T15:39:37;9;9;9;9;68;68;68;68;0.46;30.6;24;87061;
27979;2025-01-01T15:40:39;7;8;8;8;59;59;59;59;0.45;30.49;24;87051;
27980;2025-01-01T15:41:41;7;8;8;8;58;58;58;58;0.43;30.65;23;87051;
27981;2025-01-01T15:42:43;7;7;7;7;56;56;56;56;0.43;30.73;23;87046;
27982;2025-01-01T15:43:46;8;8;8;8;61;61;61;61;0.44;30.43;24;87045;
27983;2025-01-01T15:44:48;8;8;8;8;60;60;60;60;0.44;30.57;24;87047;
27984;2025-01-01T15:45:50;7;8;8;8;59;59;59;59;0.45;30.42;24;87049;
27985;2025-01-01T15:46:52;7;8;8;8;57;57;57;57;0.47;30.26;24;87051;
27986;2025-01-01T15:47:55;8;9;9;9;64;64;64;64;0.47;30.22;23;87051;
27987;2025-01-01T15:48:57;7;8;8;8;57;58;58;58;0.47;29.98;23;87048;
27988;2025-01-01T15:49:59;7;7;8;8;56;56;56;56;0.46;30.31;24;87044;
27989;2025-01-01T15:51:01;7;8;8;8;60;60;60;60;0.45;30.39;25;87040;
27990;2025-01-01T15:52:03;8;8;8;8;60;60;60;60;0.45;30.38;24;87044;
27991;2025-01-01T15:53:06;7;8;8;8;58;58;58;58;0.45;30.46;24;87044;
27992;2025-01-01T15:54:08;9;9;9;9;68;69;69;69;0.45;29.94;23;87041;
27993;2025-01-01T15:55:10;8;9;9;9;64;64;64;64;0.43;29.99;23;87044;
27994;2025-01-01T15:56:12;8;9;9;9;65;65;65;65;0.45;29.96;23;87045;
27995;2025-01-01T15:57:15;9;9;9;9;70;71;71;71;0.45;30.09;23;87045;
27996;2025-01-01T15:58:17;8;9;9;9;67;67;67;67;0.45;30.19;24;87039;
27997;2025-01-01T15:59:19;8;8;8;8;63;64;64;64;0.45;30.31;24;87041;
27998;2025-01-01T16:00:21;8;9;9;9;64;65;65;65;0.45;30.37;24;87043;
27999;2025-01-01T16:01:23;8;9;9;9;65;65;65;65;0.44;30.4;24;87047;
28000;2025-01-01T16:02:26;9;9;9;9;69;70;70;70;0.45;30.41;24;87037;
28001;2025-01-01T16:03:28;9;9;9;9;68;68;68;68;0.46;30.22;23;87045;
28002;2025-01-01T16:04:30;9;10;10;10;71;71;71;71;0.48;30.31;24;87041;
28003;2025-01-01T16:05:32;10;11;11;11;81;81;81;81;0.49;30.08;23;87045;
28004;2025-01-01T16:06:35;9;10;10;10;72;72;72;72;0.48;30.28;24;87042;
28005;2025-01-01T16:07:37;9;10;10;10;70;71;71;71;0.47;30.3;25;87045;
28006;2025-01-01T16:08:39;8;8;8;8;60;60;60;60;0.47;30.24;25;87048;
28007;2025-01-01T16:09:41;9;9;9;9;69;69;69;69;0.46;29.96;24;87045;
28008;2025-01-01T16:10:43;9;10;10;10;73;73;73;73;0.46;29.93;24;87047;
28009;2025-01-01T16:11:46;9;10;10;10;75;75;75;75;0.44;30.08;25;87052;
28010;2025-01-01T16:12:48;9;9;9;9;68;68;68;68;0.45;29.88;24;87040;
28011;2025-01-01T16:13:50;8;8;9;9;62;63;63;63;0.47;30.03;24;87049;
28012;2025-01-01T16:14:52;8;9;9;9;65;65;65;65;0.47;30.08;24;87045;
28013;2025-01-01T16:15:55;7;7;7;7;54;54;54;54;0.47;29.72;24;87048;
28014;2025-01-01T16:16:57;8;8;8;8;61;61;62;62;0.47;29.69;24;87047;
28015;2025-01-01T16:17:59;33;35;35;35;263;264;264;264;0.42;29.82;24;87049;
28016;2025-01-01T16:19:01;18;19;19;19;143;143;143;143;0.44;29.87;25;87045;
28017;2025-01-01T16:20:04;12;12;12;12;94;94;94;94;0.45;30.02;25;87042;
28018;2025-01-01T16:21:06;20;22;22;22;163;164;164;164;0.45;29.99;24;87044;
28019;2025-01-01T16:22:08;25;27;27;27;201;202;202;202;0.43;30.12;24;87049;
28020;2025-01-01T16:23:10;13;14;14;14;106;107;107;107;0.43;30.06;25;87048;
28021;2025-01-01T16:24:12;11;12;12;12;90;91;91;91;0.46;30.09;24;87040;
28022;2025-01-01T16:25:15;11;12;12;12;88;88;88;88;0.49;30.11;25;87046;
28023;2025-01-01T16:26:17;14;15;15;15;112;113;113;113;0.48;30.08;25;87044;
28024;2025-01-01T16:27:19;12;13;13;13;99;100;100;100;0.5;30.14;26;87047;
28025;2025-01-01T16:28:21;13;13;14;14;100;100;100;100;0.49;30.18;25;87051;
28026;2025-01-01T16:29:24;14;15;15;15;113;113;113;113;0.46;30.04;24;87045;
28027;2025-01-01T16:30:26;13;14;14;14;102;102;102;102;0.43;30.03;25;87046;
28028;2025-01-01T16:31:28;10;10;10;10;76;76;76;76;0.45;29.91;25;87044;
28029;2025-01-01T16:32:30;10;10;10;10;76;76;76;76;0.46;29.91;25;87056;
28030;2025-01-01T16:33:32;12;12;12;12;93;93;93;93;0.44;29.78;25;87047;
28031;2025-01-01T16:34:35;16;17;17;17;126;126;127;127;0.44;29.89;25;87047;
28032;2025-01-01T16:35:37;15;15;15;15;116;116;116;116;0.47;29.91;26;87050;
28033;2025-01-01T16:36:39;14;15;16;16;114;115;115;115;0.48;29.81;26;87043;
28034;2025-01-01T16:37:41;10;10;10;10;79;79;79;79;0.44;29.56;24;87046;
28035;2025-01-01T16:38:44;12;12;12;12;93;94;94;94;0.46;29.8;25;87046;
28036;2025-01-01T16:39:46;10;11;11;11;80;81;81;81;0.46;29.76;25;87052;
28037;2025-01-01T16:40:48;13;13;13;13;101;101;101;101;0.46;29.76;25;87055;
28038;2025-01-01T16:41:50;13;13;13;13;101;102;102;102;0.45;29.77;25;87049;
28039;2025-01-01T16:42:53;12;13;13;13;96;96;96;96;0.45;29.79;26;87048;
28040;2025-01-01T16:43:55;11;12;12;12;87;87;87;87;0.47;29.84;27;87049;
28041;2025-01-01T16:44:57;10;10;10;10;77;77;77;77;0.48;30.02;25;87042;
